Temperature	Time
21.59,1.21
21.59,1.81
21.59,2.41
21.59,3.02
21.59,3.62
21.59,4.23
21.59,4.83
21.59,5.43
21.59,6.04
21.59,6.64
21.59,7.24
21.59,7.85
21.59,8.45
21.59,9.06
21.59,9.66
21.59,10.27
21.59,10.87
21.59,11.47
21.6,12.08
21.6,12.68
21.6,13.29
21.6,13.89
21.6,14.5
21.6,15.1
21.6,15.71
21.6,16.31
21.6,16.91
21.6,17.52
21.6,18.12
21.6,18.73
21.6,19.33
21.6,19.94
21.6,20.54
21.6,21.14
21.6,21.75
21.6,22.35
21.6,22.96
21.6,23.56
21.6,24.17
21.6,24.77
21.6,25.37
21.6,25.98
21.6,26.58
21.6,27.19
21.6,27.79
21.6,28.4
21.6,29
21.6,29.61
21.6,30.21
21.6,30.81
21.6,31.42
21.6,32.02
21.6,32.63
21.6,33.23
21.6,33.84
21.6,34.44
21.6,35.05
21.6,35.65
21.6,36.25
21.6,36.86
21.6,37.46
21.6,38.07
21.6,38.67
21.6,39.28
21.6,39.88
21.6,40.49
21.6,41.09
21.6,41.7
21.6,42.3
21.6,42.9
21.6,43.51
21.6,44.11
21.61,44.72
21.6,45.32
21.61,45.93
21.61,46.53
21.61,47.13
21.61,47.74
21.61,48.34
21.61,48.95
21.61,49.55
21.61,50.16
21.61,50.76
21.61,51.37
21.61,51.97
21.61,52.57
21.61,53.18
21.61,53.78
21.61,54.39
21.61,54.99
21.61,55.6
21.61,56.2
21.61,56.81
21.61,57.41
21.61,58.01
21.61,58.62
21.61,59.22
21.61,59.83
21.61,60.43
21.61,61.04
21.61,61.64
21.61,62.24
21.61,62.85
21.61,63.45
21.61,64.06
21.61,64.66
21.61,65.27
21.61,65.87
21.61,66.48
21.61,67.08
21.61,67.68
21.61,68.29
21.61,68.89
21.61,69.5
21.61,70.1
21.61,70.71
21.61,71.31
21.61,71.91
21.61,72.52
21.61,73.12
21.61,73.73
21.61,74.33
21.61,74.94
21.61,75.54
21.61,76.15
21.61,76.75
21.61,77.36
21.62,77.96
21.61,78.56
21.62,79.17
21.61,79.77
21.62,80.38
21.62,80.98
21.62,81.59
21.62,82.19
21.62,82.79
21.62,83.4
21.62,84
21.62,84.61
21.62,85.21
21.62,85.82
21.62,86.42
21.62,87.02
21.62,87.63
21.62,88.23
21.62,88.84
21.62,89.44
21.62,90.05
21.62,90.65
21.62,91.26
21.62,91.86
21.62,92.46
21.62,93.07
21.62,93.67
21.62,94.28
21.62,94.88
21.62,95.49
21.62,96.09
21.62,96.7
21.62,97.3
21.62,97.9
21.62,98.51
21.62,99.11
21.62,99.72
21.62,100.32
21.62,100.93
21.62,101.53
21.62,102.13
21.62,102.74
21.62,103.34
21.62,103.95
21.62,104.55
21.62,105.16
21.62,105.76
21.62,106.37
21.62,106.97
21.62,107.58
21.62,108.18
21.62,108.78
21.62,109.39
21.62,109.99
21.62,110.6
21.62,111.2
21.62,111.81
21.62,112.41
21.62,113.02
21.62,113.62
21.62,114.23
21.62,114.83
21.62,115.43
21.62,116.04
21.62,116.64
21.62,117.25
21.62,117.85
21.62,118.46
21.62,119.06
21.62,119.67
21.62,120.27
21.62,120.88
21.62,121.48
21.62,122.08
21.62,122.69
21.62,123.29
21.62,124.9
21.62,125.5
21.62,126.11
21.62,126.71
21.62,127.31
21.62,127.92
21.62,128.52
21.62,129.13
21.62,129.73
21.62,130.34
21.62,130.94
21.62,131.55
21.62,132.15
21.62,132.76
21.62,133.36
21.62,133.96
21.62,134.57
21.62,135.17
21.62,135.78
21.62,136.38
21.62,136.99
21.62,137.59
21.62,138.2
21.62,138.8
21.62,139.41
21.62,140.01
21.62,140.62
21.62,141.22
21.62,141.82
21.62,142.43
21.62,143.03
21.62,143.64
21.62,144.24
21.62,144.85
21.62,145.45
21.62,146.06
21.62,146.66
21.62,147.27
21.62,147.87
21.62,148.47
21.62,149.08
21.62,149.68
21.62,150.29
21.62,150.89
21.62,151.5
21.62,152.1
21.62,152.71
21.62,153.31
21.62,153.92
21.62,154.52
21.62,155.12
21.62,155.73
21.62,156.33
21.62,156.94
21.62,157.54
21.62,158.15
21.62,158.75
21.62,159.36
21.62,159.96
21.62,160.57
21.62,161.17
21.62,161.77
21.62,162.38
21.62,162.98
21.62,163.59
21.62,164.19
21.62,164.8
21.62,165.4
21.62,166.01
21.62,166.61
21.62,167.22
21.62,167.82
21.62,168.43
21.62,169.03
21.62,169.63
21.62,170.24
21.62,170.84
21.62,171.45
21.62,172.05
21.62,172.66
21.62,173.26
21.62,173.87
21.62,174.47
21.62,175.08
21.62,175.68
21.62,176.29
21.62,176.89
21.62,177.5
21.62,178.1
21.62,178.7
21.62,179.31
21.62,179.91
21.62,180.52
21.62,181.12
21.62,181.73
21.62,182.33
21.62,182.94
21.62,183.54
21.62,184.14
21.62,184.75
21.62,185.35
21.62,185.96
21.62,186.56
21.62,187.17
21.62,187.77
21.62,188.38
21.62,188.98
21.62,189.59
21.62,190.19
21.62,190.8
21.62,191.4
21.62,192.01
21.62,192.61
21.62,193.21
21.62,193.82
21.62,194.42
21.62,195.03
21.62,195.63
21.62,196.24
21.62,196.84
21.62,197.45
21.62,198.05
21.62,198.65
21.62,199.26
21.62,199.86
21.62,200.47
21.62,201.07
21.62,201.68
21.62,202.28
21.62,202.89
21.62,203.49
21.62,204.1
21.62,204.7
21.62,205.3
21.62,205.91
21.62,206.52
21.62,207.12
21.62,207.72
21.62,208.33
21.62,208.93
21.62,209.54
21.62,210.14
21.62,210.75
21.62,211.35
21.62,211.96
21.62,212.56
21.62,213.16
21.62,213.77
21.62,214.37
21.62,214.98
21.62,215.58
21.62,216.19
21.62,216.79
21.62,217.4
21.62,218
21.62,218.61
21.62,219.21
21.62,219.82
21.62,220.42
21.62,221.02
21.62,221.63
21.62,222.23
21.62,222.84
21.62,223.44
21.62,224.05
21.62,224.65
21.62,225.26
21.62,225.86
21.62,226.47
21.62,227.07
21.62,227.68
21.62,228.28
21.62,228.88
21.62,229.49
21.62,230.09
21.62,230.7
21.62,231.3
21.62,231.91
21.62,232.51
21.62,233.12
21.62,233.72
21.62,234.32
21.62,234.93
21.62,235.53
21.62,236.14
21.62,236.74
21.62,237.35
21.62,237.95
21.62,238.56
21.62,239.16
21.62,239.77
21.62,240.37
21.62,240.98
21.62,241.58
21.62,242.19
21.62,242.79
21.62,243.39
21.63,244
21.62,244.6
21.62,245.21
21.62,245.81
21.62,246.42
21.63,247.02
21.62,247.63
21.62,248.23
21.63,248.84
21.62,249.44
21.62,250.04
21.62,250.65
21.63,251.25
21.63,251.86
21.63,252.46
21.63,253.07
21.63,253.67
21.63,254.28
21.63,254.88
21.63,255.49
21.63,256.09
21.63,256.7
21.63,257.3
21.63,257.9
21.63,258.51
21.63,259.11
21.63,259.72
21.63,260.32
21.63,260.93
21.63,261.53
21.63,262.14
21.63,262.74
21.63,263.35
21.63,263.95
21.63,264.55
21.63,265.16
21.63,265.76
21.63,266.37
21.63,266.97
21.63,267.58
21.63,268.18
21.63,268.79
21.63,269.39
21.63,270
21.63,270.6
21.63,271.2
21.63,271.81
21.63,272.41
21.63,273.02
21.63,273.62
21.63,274.23
21.63,274.83
21.63,275.44
21.63,276.04
21.63,276.64
21.63,277.25
21.63,277.86
21.63,278.46
21.63,279.06
21.63,279.67
21.63,280.27
21.63,280.88
21.63,281.48
21.63,282.09
21.63,282.69
21.63,283.3
21.63,283.9
21.63,284.51
21.63,285.11
21.63,285.71
21.63,286.32
21.63,286.92
21.63,287.53
21.63,288.13
21.63,288.74
21.63,289.34
21.63,289.95
21.63,290.55
21.63,291.16
21.63,291.76
21.63,292.36
21.63,292.97
21.63,293.57
21.63,294.18
21.63,294.78
21.63,295.39
21.63,295.99
21.63,296.6
21.63,297.2
21.63,297.81
21.63,298.41
21.63,299.02
21.63,299.62
21.63,300.22
21.63,300.83
21.63,301.43
21.63,302.04
21.63,302.64
21.63,303.25
21.63,303.85
21.63,304.46
21.63,305.06
21.63,305.67
21.63,306.27
21.63,306.88
21.63,307.48
21.63,308.08
21.63,308.69
21.63,309.29
21.63,309.9
21.63,310.5
21.63,311.11
21.63,311.71
21.63,312.32
21.63,312.92
21.63,313.52
21.63,314.13
21.63,314.73
21.63,315.34
21.63,315.94
21.64,316.55
21.64,317.15
21.64,317.76
21.64,318.36
21.64,318.97
21.64,319.57
21.64,320.18
21.64,320.78
21.64,321.39
21.64,321.99
21.64,322.59
21.64,323.2
21.64,323.8
21.64,324.41
21.64,325.01
21.64,325.62
21.64,326.22
21.64,326.83
21.64,327.43
21.64,328.04
21.64,328.64
21.64,329.24
21.64,329.85
21.64,330.45
21.64,331.06
21.64,331.66
21.64,332.27
21.64,332.87
21.64,333.48
21.64,334.08
21.64,334.69
21.64,335.29
21.64,335.89
21.64,336.5
21.64,337.1
21.64,337.71
21.64,338.31
21.64,338.92
21.64,339.52
21.64,340.13
21.64,340.73
21.64,341.34
21.64,341.94
21.64,342.55
21.64,343.15
21.64,343.75
21.64,344.36
21.64,344.96
21.64,345.57
21.64,346.17
21.64,346.78
21.64,347.38
21.64,347.99
21.64,348.59
21.64,349.2
21.64,349.8
21.64,350.4
21.64,351.01
21.64,351.61
21.64,352.22
21.64,352.82
21.64,353.43
21.64,354.03
21.64,354.64
21.64,355.24
21.64,355.85
21.64,356.45
21.64,357.05
21.64,357.66
21.64,358.26
21.64,358.87
21.64,359.47
21.64,360.08
21.64,360.68
21.64,361.29
21.64,361.89
21.64,362.5
21.64,363.1
21.64,363.71
21.64,364.31
21.65,364.91
21.65,365.52
21.65,366.12
21.65,366.73
21.65,367.33
21.65,367.94
21.65,368.54
21.65,369.15
21.65,369.75
21.65,370.36
21.65,370.96
21.65,371.57
21.65,372.17
21.65,372.77
21.65,373.38
21.65,373.98
21.65,374.59
21.65,375.19
21.65,375.8
21.65,376.4
21.65,377.01
21.65,377.61
21.65,378.22
21.65,378.82
21.65,379.42
21.65,380.03
21.65,380.63
21.65,381.24
21.65,381.84
21.65,382.45
21.65,383.05
21.65,383.66
21.65,384.26
21.65,384.87
21.65,385.47
21.65,386.08
21.65,386.68
21.65,387.28
21.65,387.89
21.65,388.49
21.65,389.1
21.65,389.7
21.65,390.31
21.65,390.91
21.65,391.52
21.65,392.12
21.65,392.73
21.65,393.33
21.66,393.93
21.66,394.54
21.66,395.14
21.66,395.75
21.66,396.35
21.66,396.96
21.66,397.56
21.66,398.17
21.66,398.77
21.66,399.38
21.66,399.98
21.66,400.58
21.66,401.19
21.66,401.79
21.66,402.4
21.66,403
21.66,403.61
21.66,404.21
21.66,404.82
21.66,405.42
21.66,406.03
21.66,406.63
21.66,407.23
21.66,407.84
21.66,408.44
21.66,409.05
21.66,409.65
21.66,410.26
21.66,410.86
21.66,411.47
21.66,412.07
21.66,412.68
21.66,413.28
21.66,413.89
21.66,414.49
21.66,415.09
21.66,415.7
21.66,416.3
21.66,416.91
21.66,417.51
21.66,418.12
21.66,418.72
21.66,419.33
21.66,419.93
21.66,420.54
21.66,421.14
21.66,421.75
21.66,422.35
21.66,422.95
21.66,423.56
21.67,424.16
21.66,424.77
21.67,425.37
21.67,425.98
21.67,426.58
21.67,427.19
21.67,427.79
21.67,428.39
21.67,429
21.67,429.6
21.67,430.21
21.67,430.81
21.67,431.42
21.67,432.02
21.67,432.63
21.67,433.23
21.67,433.84
21.67,434.44
21.67,435.05
21.67,435.65
21.67,436.26
21.67,436.86
21.67,437.47
21.67,438.07
21.67,438.67
21.67,439.28
21.67,439.88
21.67,440.49
21.67,441.09
21.67,441.7
21.67,442.3
21.67,442.91
21.67,443.51
21.67,444.11
21.67,444.72
21.67,445.32
21.67,445.93
21.67,446.53
21.67,447.14
21.67,447.74
21.67,448.35
21.67,448.95
21.67,449.56
21.67,450.16
21.67,450.77
21.67,451.37
21.67,451.97
21.67,452.58
21.67,453.18
21.67,453.79
21.67,454.39
21.67,455
21.67,455.6
21.67,456.21
21.67,456.81
21.67,457.42
21.67,458.02
21.67,458.63
21.67,459.23
21.67,459.83
21.67,460.44
21.67,461.04
21.67,461.65
21.67,462.25
21.67,462.86
21.67,463.46
21.67,464.07
21.67,464.67
21.67,465.27
21.67,465.88
21.67,466.48
21.67,467.09
21.67,467.69
21.67,468.3
21.67,468.9
21.67,469.51
21.67,470.11
21.67,470.72
21.68,471.32
21.68,471.92
21.68,472.53
21.68,473.14
21.68,473.74
21.68,474.34
21.68,474.95
21.68,475.55
21.68,476.16
21.68,476.76
21.68,477.37
21.68,477.97
21.68,478.58
21.68,479.18
21.68,479.78
21.68,480.39
21.68,480.99
21.68,481.6
21.68,482.2
21.68,482.81
21.68,483.41
21.68,484.02
21.68,484.62
21.68,485.23
21.68,485.83
21.68,486.44
21.68,487.04
21.68,487.64
21.68,488.25
21.68,488.85
21.68,489.46
21.68,490.06
21.68,490.67
21.68,491.27
21.68,491.88
21.68,492.48
21.68,493.08
21.68,493.69
21.68,494.3
21.68,494.9
21.68,495.5
21.68,496.11
21.68,496.71
21.68,497.32
21.68,497.92
21.68,498.53
21.68,499.13
21.68,499.74
21.68,500.34
21.68,500.95
21.68,501.55
21.69,502.16
21.69,502.76
21.69,503.36
21.69,503.97
21.69,504.57
21.69,505.18
21.69,505.78
21.69,506.39
21.69,506.99
21.69,507.6
21.69,508.2
21.69,508.8
21.69,509.41
21.69,510.01
21.69,510.62
21.69,511.22
21.69,511.83
21.69,512.43
21.69,513.04
21.69,513.64
21.69,514.25
21.69,514.85
21.69,515.46
21.69,516.06
21.69,516.66
21.69,517.27
21.69,517.87
21.69,518.48
21.69,519.08
21.69,519.69
21.69,520.29
21.69,520.9
21.69,521.5
21.69,522.1
21.69,522.71
21.69,523.32
21.69,523.92
21.69,524.52
21.69,525.13
21.69,525.73
21.69,526.34
21.69,526.94
21.69,527.55
21.69,528.15
21.69,528.76
21.69,529.36
21.69,529.97
21.69,530.57
21.69,531.17
21.69,531.78
21.69,532.38
21.69,532.99
21.69,533.59
21.69,534.2
21.69,534.8
21.69,535.41
21.69,536.01
21.69,536.61
21.69,537.22
21.69,537.83
21.69,538.43
21.69,539.03
21.69,539.64
21.69,540.24
21.69,540.85
21.69,541.45
21.69,542.06
21.69,542.66
21.69,543.27
21.69,543.87
21.69,544.48
21.69,545.08
21.69,545.68
21.69,546.29
21.69,546.89
21.69,547.5
21.69,548.1
21.69,548.71
21.69,549.31
21.69,549.92
21.69,550.52
21.69,551.13
21.69,551.73
21.69,552.34
21.69,552.94
21.69,553.54
21.69,554.15
21.69,554.75
21.69,555.36
21.69,555.96
21.69,556.57
21.69,557.17
21.69,557.78
21.69,558.38
21.69,558.98
21.69,559.59
21.69,560.19
21.69,560.8
21.69,561.4
21.69,562.01
21.69,562.61
21.69,563.22
21.69,563.82
21.69,564.43
21.69,565.03
21.69,565.64
21.69,566.24
21.69,566.84
21.69,567.45
21.69,568.05
21.69,568.66
21.69,569.26
21.69,569.87
21.69,570.47
21.7,571.08
21.7,571.68
21.69,572.28
21.7,572.89
21.69,573.5
21.7,574.1
21.69,574.7
21.69,575.31
21.7,575.91
21.7,576.52
21.7,577.12
21.7,577.73
21.7,578.33
21.7,578.94
21.7,579.54
21.7,580.15
21.7,580.75
21.7,581.35
21.7,581.96
21.7,582.56
21.7,583.17
21.7,583.77
21.7,584.38
21.7,584.98
21.7,585.59
21.7,586.19
21.7,586.8
21.7,587.4
21.7,588.01
21.7,588.61
21.7,589.21
21.7,589.82
21.7,590.42
21.7,591.03
21.7,591.63
21.7,592.24
21.7,592.84
21.7,593.45
21.7,594.05
21.7,594.66
21.7,595.26
21.7,595.86
21.7,596.47
21.7,597.07
21.7,597.68
21.7,598.28
21.7,598.89
21.7,599.49
21.7,600.1
21.7,600.7
21.7,601.31
21.7,601.91
21.7,602.52
21.7,603.12
21.7,603.72
21.7,604.33
21.7,604.93
21.7,605.54
21.7,606.14
21.7,606.75
21.7,607.35
21.7,607.96
21.7,608.56
21.7,609.16
21.7,609.77
21.7,610.37
21.7,610.98
21.7,611.58
21.7,612.19
21.7,612.79
21.7,613.4
21.7,614
21.7,614.61
21.7,615.21
21.7,615.82
21.7,616.42
21.7,617.03
21.7,617.63
21.7,618.23
21.7,618.84
21.7,619.44
21.7,620.05
21.7,620.65
21.7,621.26
21.7,621.86
21.7,622.47
21.7,623.07
21.7,623.67
21.7,624.28
21.7,624.88
21.7,625.49
21.7,626.09
21.7,626.7
21.7,627.3
21.7,627.91
21.7,628.51
21.7,629.12
21.7,629.72
21.7,630.33
21.7,630.93
21.7,631.53
21.7,632.14
21.7,632.74
21.7,633.35
21.7,633.95
21.7,634.56
21.7,635.16
21.7,635.77
21.7,636.37
21.7,636.98
21.7,637.58
21.7,638.19
21.7,638.79
21.7,639.39
21.7,640
21.7,640.6
21.7,641.21
21.7,641.81
21.7,642.42
21.7,643.02
21.7,643.63
21.7,644.23
21.7,644.84
21.7,645.44
21.7,646.04
21.7,646.65
21.7,647.25
21.7,647.86
21.7,648.46
21.7,649.07
21.7,649.67
21.7,650.28
21.7,650.88
21.7,651.49
21.7,652.09
21.7,652.7
21.7,653.3
21.7,653.9
21.7,654.51
21.7,655.11
21.7,655.72
21.7,656.32
21.7,656.93
21.7,657.53
21.7,658.14
21.7,658.74
21.7,659.35
21.7,659.95
21.7,660.55
21.7,661.16
21.7,661.76
21.7,662.37
21.7,662.97
21.7,663.58
21.7,664.18
21.7,664.79
21.7,665.39
21.7,666
21.7,666.6
21.7,667.21
21.7,667.81
21.7,668.41
21.7,669.02
21.7,669.62
21.7,670.23
21.7,670.83
21.7,671.44
21.7,672.04
21.7,672.65
21.7,673.25
21.7,673.85
21.7,674.46
21.7,675.06
21.7,675.67
21.7,676.27
21.7,676.88
21.7,677.48
21.7,678.09
21.7,678.69
21.71,679.3
21.7,679.9
21.7,680.51
21.7,681.11
21.71,681.71
21.71,682.32
21.71,682.92
21.71,683.53
21.71,684.13
21.71,684.74
21.71,685.34
21.71,685.95
21.71,686.55
21.71,687.16
21.71,687.76
21.71,688.36
21.71,688.97
21.71,689.57
21.71,690.18
21.71,690.78
21.71,691.39
21.71,691.99
21.71,692.6
21.71,693.2
21.71,693.81
21.71,694.41
21.71,695.02
21.71,695.62
21.71,696.22
21.71,696.83
21.71,697.43
21.71,698.04
21.71,698.64
21.71,699.25
21.71,699.85
21.71,700.46
21.71,701.06
21.71,701.67
21.71,702.27
21.71,702.88
21.71,703.48
21.71,704.08
21.71,704.69
21.71,705.29
21.71,705.9
21.71,706.5
21.71,707.11
21.71,707.71
21.71,708.32
21.71,708.92
21.71,709.53
21.71,710.13
21.71,710.73
21.71,711.34
21.71,711.94
21.71,712.55
21.71,713.15
21.71,713.76
21.71,714.36
21.71,714.97
21.71,715.57
21.71,716.18
21.71,716.78
21.71,717.39
21.71,717.99
21.71,718.59
21.71,719.2
21.71,719.8
21.71,720.41
21.71,721.01
21.71,721.62
21.71,722.22
21.71,722.83
21.71,723.43
21.71,724.03
21.71,724.64
21.71,725.24
21.71,725.85
21.71,726.45
21.71,727.06
21.71,727.66
21.71,728.27
21.71,728.87
21.71,729.48
21.71,730.08
21.71,730.69
21.71,731.29
21.71,731.9
21.71,732.5
21.71,733.1
21.71,733.71
21.71,734.31
21.71,734.92
21.71,735.52
21.71,736.13
21.71,736.73
21.71,737.34
21.71,737.94
21.71,738.54
21.71,739.15
21.71,739.76
21.71,740.36
21.71,740.96
21.71,741.57
21.71,742.17
21.71,742.78
21.71,743.38
21.71,743.99
21.71,744.59
21.71,745.2
21.71,745.8
21.71,746.41
21.71,747.01
21.71,747.61
21.71,748.22
21.71,748.82
21.71,749.43
21.71,750.03
21.71,750.64
21.71,751.24
21.71,751.85
21.71,752.45
21.71,753.05
21.71,753.66
21.71,754.27
21.71,754.87
21.71,755.47
21.71,756.08
21.71,756.68
21.71,757.29
21.71,757.89
21.71,758.5
21.71,759.1
21.71,759.71
21.71,760.31
21.71,760.91
21.71,761.52
21.71,762.13
21.71,762.73
21.71,763.33
21.71,763.94
21.71,764.54
21.71,765.15
21.71,765.75
21.71,766.36
21.71,766.96
21.71,767.57
21.71,768.17
21.71,768.78
21.71,769.38
21.71,769.98
21.71,770.59
21.71,771.19
21.71,771.8
21.71,772.4
21.71,773.01
21.71,773.61
21.71,774.22
21.71,774.82
21.71,775.42
21.71,776.03
21.71,776.63
21.71,777.24
21.71,777.84
21.71,778.45
21.71,779.05
21.71,779.66
21.71,780.26
21.71,780.87
21.72,781.47
21.71,782.08
21.72,782.68
21.72,783.28
21.71,783.89
21.71,784.49
21.71,785.1
21.71,785.7
21.71,786.31
21.72,786.91
21.72,787.52
21.72,788.12
21.72,788.72
21.72,789.33
21.72,789.94
21.72,790.54
21.72,791.14
21.72,791.75
21.72,792.35
21.72,792.96
21.72,793.56
21.72,794.17
21.72,794.77
21.72,795.38
21.72,795.98
21.72,796.59
21.72,797.19
21.72,797.79
21.72,798.4
21.72,799
21.72,799.61
21.72,800.21
21.72,800.82
21.72,801.42
21.72,802.03
21.72,802.63
21.72,803.23
21.72,803.84
21.72,804.45
21.72,805.05
21.72,805.65
21.72,806.26
21.72,806.86
21.72,807.47
21.72,808.07
21.72,808.68
21.72,809.28
21.72,809.89
21.72,810.49
21.72,811.1
21.72,811.7
21.72,812.3
21.72,812.91
21.72,813.51
21.72,814.12
21.72,814.72
21.72,815.33
21.72,815.93
21.72,816.54
21.72,817.14
21.72,817.75
21.72,818.35
21.72,818.96
21.72,819.56
21.72,820.16
21.72,820.77
21.72,821.37
21.72,821.98
21.72,822.58
21.72,823.19
21.72,823.79
21.72,824.4
21.72,825
21.72,825.61
21.72,826.21
21.72,826.81
21.72,827.42
21.72,828.02
21.72,828.63
21.72,829.23
21.72,829.84
21.72,830.44
21.72,831.05
21.72,831.65
21.72,832.26
21.72,832.86
21.72,833.47
21.72,834.07
21.72,834.67
21.72,835.28
21.72,835.88
21.72,836.49
21.72,837.09
21.72,837.7
21.72,838.3
21.72,838.91
21.72,839.51
21.72,840.12
21.72,840.72
21.72,841.33
21.72,841.93
21.72,842.53
21.72,843.14
21.73,843.74
21.73,844.35
21.73,844.95
21.72,845.56
21.73,846.16
21.72,846.77
21.73,847.37
21.73,847.97
21.73,848.58
21.73,849.18
21.73,849.79
21.73,850.39
21.73,851
21.73,851.6
21.73,852.21
21.73,852.81
21.73,853.42
21.73,854.02
21.73,854.63
21.73,855.23
21.73,855.83
21.73,856.44
21.73,857.04
21.73,857.65
21.73,858.25
21.73,858.86
21.73,859.46
21.73,860.07
21.73,860.67
21.73,861.28
21.73,861.88
21.73,862.48
21.73,863.09
21.73,863.69
21.73,864.3
21.73,864.9
21.73,865.51
21.73,866.11
21.73,866.72
21.73,867.32
21.73,867.93
21.73,868.53
21.73,869.14
21.73,869.74
21.73,870.34
21.73,870.95
21.73,871.55
21.73,872.16
21.73,872.76
21.73,873.37
21.73,873.97
21.73,874.58
21.73,875.18
21.73,875.79
21.73,876.39
21.73,877
21.73,877.6
21.73,878.2
21.73,878.81
21.73,879.41
21.73,880.02
21.73,880.62
21.73,881.23
21.73,881.83
21.73,882.44
21.73,883.04
21.73,883.65
21.73,884.25
21.73,884.85
21.73,885.46
21.73,886.06
21.73,886.67
21.73,887.27
21.73,887.88
21.73,888.48
21.73,889.09
21.74,889.69
21.73,890.3
21.73,890.9
21.73,891.5
21.74,892.11
21.74,892.71
21.74,893.32
21.74,893.92
21.74,894.53
21.74,895.13
21.74,895.74
21.74,896.34
21.74,896.95
21.74,897.55
21.74,898.16
21.74,898.76
21.74,899.36
21.74,899.97
21.74,900.57
21.74,901.18
21.74,901.78
21.74,902.39
21.74,902.99
21.74,903.6
21.74,904.2
21.74,904.8
21.74,905.41
21.74,906.01
21.74,906.62
21.74,907.22
21.74,907.83
21.74,908.43
21.74,909.04
21.74,909.64
21.74,910.25
21.74,910.85
21.74,911.46
21.74,912.06
21.74,912.66
21.74,913.27
21.74,913.87
21.74,914.48
21.74,915.08
21.74,915.69
21.74,916.29
21.74,916.9
21.74,917.5
21.74,918.11
21.74,918.71
21.74,919.32
21.74,919.92
21.74,920.52
21.74,921.13
21.74,921.73
21.74,922.34
21.74,922.94
21.74,923.55
21.74,924.15
21.74,924.76
21.74,925.36
21.74,925.97
21.74,926.57
21.74,927.17
21.74,927.78
21.74,928.38
21.74,928.99
21.74,929.59
21.74,930.2
21.74,930.8
21.74,931.41
21.74,932.01
21.74,932.62
21.74,933.22
21.74,933.83
21.74,934.43
21.74,935.03
21.74,935.64
21.74,936.24
21.74,936.85
21.74,937.45
21.74,938.06
21.74,938.66
21.74,939.27
21.74,939.87
21.74,940.48
21.74,941.08
21.75,941.68
21.75,942.29
21.75,942.9
21.75,943.5
21.75,944.1
21.75,944.71
21.75,945.31
21.75,945.92
21.75,946.52
21.75,947.13
21.75,947.73
21.75,948.34
21.75,948.94
21.75,949.54
21.75,950.15
21.75,950.75
21.75,951.36
21.75,951.96
21.75,952.57
21.75,953.17
21.75,953.78
21.75,954.38
21.75,954.99
21.75,955.59
21.75,956.2
21.75,956.8
21.75,957.4
21.75,958.01
21.75,958.61
21.75,959.22
21.75,959.82
21.75,960.43
21.75,961.03
21.75,961.64
21.75,962.24
21.75,962.84
21.75,963.45
21.75,964.05
21.75,964.66
21.75,965.26
21.75,965.87
21.75,966.47
21.75,967.08
21.75,967.68
21.75,968.29
21.75,968.89
21.75,969.5
21.75,970.1
21.75,970.7
21.75,971.31
21.75,971.91
21.75,972.52
21.75,973.12
21.75,973.73
21.75,974.33
21.75,974.94
21.75,975.54
21.75,976.15
21.75,976.75
21.75,977.35
21.75,977.96
21.75,978.57
21.75,979.17
21.75,979.77
21.75,980.38
21.75,980.98
21.75,981.59
21.75,982.19
21.75,982.8
21.75,983.4
21.75,984.01
21.75,984.61
21.76,985.21
21.75,985.82
21.76,986.42
21.75,987.03
21.76,987.63
21.76,988.24
21.76,988.84
21.76,989.45
21.76,990.05
21.76,990.66
21.76,991.26
21.76,991.86
21.76,992.47
21.76,993.08
21.76,993.68
21.76,994.28
21.76,994.89
21.76,995.49
21.76,996.1
21.76,996.7
21.76,997.31
21.76,997.91
21.76,998.52
21.76,999.12
21.76,999.72
21.76,1000.3
21.76,1000.9
21.76,1001.5
21.76,1002.1
21.76,1002.8
21.76,1003.4
21.76,1004
21.76,1004.6
21.76,1005.2
21.76,1005.8
21.76,1006.4
21.76,1007
21.76,1007.6
21.76,1008.2
21.76,1008.8
21.76,1009.4
21.76,1010
21.76,1010.6
21.76,1011.2
21.76,1011.8
21.76,1012.4
21.76,1013
21.76,1013.6
21.76,1014.2
21.76,1014.9
21.76,1015.5
21.76,1016.1
21.77,1016.7
21.76,1017.3
21.76,1017.9
21.77,1018.5
21.76,1019.1
21.77,1019.7
21.77,1020.3
21.77,1020.9
21.77,1021.5
21.77,1022.1
21.77,1022.7
21.77,1023.3
21.77,1023.9
21.77,1024.5
21.77,1025.2
21.77,1025.8
21.77,1026.4
21.77,1027
21.77,1027.6
21.77,1028.2
21.77,1028.8
21.77,1029.4
21.77,1030
21.77,1030.6
21.77,1031.2
21.77,1031.8
21.77,1032.4
21.77,1033
21.77,1033.6
21.77,1034.2
21.77,1034.8
21.77,1035.4
21.77,1036
21.77,1036.7
21.77,1037.2
21.77,1037.9
21.77,1038.5
21.77,1039.1
21.77,1039.7
21.77,1040.3
21.77,1040.9
21.77,1041.5
21.77,1042.1
21.77,1042.7
21.77,1043.3
21.77,1043.9
21.77,1044.5
21.77,1045.1
21.77,1045.7
21.77,1046.3
21.77,1046.9
21.77,1047.5
21.77,1048.2
21.77,1048.8
21.77,1049.4
21.77,1050
21.77,1050.6
21.77,1051.2
21.77,1051.8
21.77,1052.4
21.77,1053
21.77,1053.6
21.77,1054.2
21.77,1054.8
21.77,1055.4
21.77,1056
21.77,1056.6
21.77,1057.2
21.77,1057.8
21.77,1058.4
21.77,1059
21.77,1059.7
21.77,1060.2
21.77,1060.9
21.77,1061.5
21.77,1062.1
21.77,1062.7
21.77,1063.3
21.77,1063.9
21.77,1064.5
21.77,1065.1
21.77,1065.7
21.77,1066.3
21.77,1066.9
21.77,1067.5
21.77,1068.1
21.77,1068.7
21.77,1069.3
21.77,1069.9
21.77,1070.5
21.77,1071.2
21.77,1071.8
21.77,1072.4
21.77,1073
21.77,1073.6
21.77,1074.2
21.77,1074.8
21.77,1075.4
21.77,1076
21.77,1076.6
21.77,1077.2
21.77,1077.8
21.77,1078.4
21.77,1079
21.77,1079.6
21.77,1080.2
21.77,1080.8
21.77,1081.4
21.77,1082
21.77,1082.7
21.77,1083.3
21.77,1083.9
21.77,1084.5
21.77,1085.1
21.77,1085.7
21.78,1086.3
21.78,1086.9
21.78,1087.5
21.78,1088.1
21.78,1088.7
21.78,1089.3
21.78,1089.9
21.78,1090.5
21.78,1091.1
21.78,1091.7
21.78,1092.3
21.78,1092.9
21.78,1093.5
21.78,1094.2
21.78,1094.8
21.78,1095.4
21.78,1096
21.78,1096.6
21.78,1097.2
21.78,1097.8
21.78,1098.4
21.78,1099
21.78,1099.6
21.78,1100.2
21.78,1100.8
21.78,1101.4
21.78,1102
21.78,1102.6
21.78,1103.2
21.78,1103.8
21.78,1104.4
21.78,1105
21.78,1105.7
21.78,1106.3
21.78,1106.9
21.78,1107.5
21.78,1108.1
21.78,1108.7
21.78,1109.3
21.78,1109.9
21.78,1110.5
21.78,1111.1
21.78,1111.7
21.78,1112.3
21.78,1112.9
21.78,1113.5
21.78,1114.1
21.78,1114.7
21.78,1115.3
21.78,1115.9
21.78,1116.5
21.78,1117.2
21.78,1117.8
21.78,1118.4
21.78,1119
21.78,1119.6
21.78,1120.2
21.78,1120.8
21.78,1121.4
21.78,1122
21.78,1122.6
21.78,1123.2
21.78,1123.8
21.78,1124.4
21.78,1125
21.78,1125.6
21.78,1126.2
21.78,1126.8
21.78,1127.4
21.78,1128
21.78,1128.7
21.78,1129.3
21.78,1129.9
21.78,1130.5
21.78,1131.1
21.78,1131.7
21.78,1132.3
21.78,1132.9
21.78,1133.5
21.78,1134.1
21.78,1134.7
21.78,1135.3
21.78,1135.9
21.78,1136.5
21.78,1137.1
21.78,1137.7
21.78,1138.3
21.78,1138.9
21.78,1139.5
21.78,1140.2
21.78,1140.8
21.78,1141.4
21.78,1142
21.78,1142.6
21.78,1143.2
21.78,1143.8
21.78,1144.4
21.78,1145
21.78,1145.6
21.78,1146.2
21.78,1146.8
21.78,1147.4
21.78,1148
21.78,1148.6
21.78,1149.2
21.78,1149.8
21.78,1150.4
21.78,1151
21.78,1151.7
21.78,1152.3
21.78,1152.9
21.78,1153.5
21.78,1154.1
21.78,1154.7
21.78,1155.3
21.78,1155.9
21.78,1156.5
21.78,1157.1
21.79,1157.7
21.79,1158.3
21.79,1158.9
21.79,1159.5
21.79,1160.1
21.79,1160.7
21.79,1161.3
21.79,1162
21.79,1162.5
21.79,1163.2
21.79,1163.8
21.79,1164.4
21.79,1165
21.79,1165.6
21.79,1166.2
21.79,1166.8
21.79,1167.4
21.79,1168
21.79,1168.6
21.79,1169.2
21.79,1169.8
21.79,1170.4
21.79,1171
21.79,1171.6
21.79,1172.2
21.79,1172.8
21.79,1173.5
21.79,1174
21.79,1174.7
21.79,1175.3
21.79,1175.9
21.79,1176.5
21.79,1177.1
21.79,1177.7
21.79,1178.3
21.79,1178.9
21.79,1179.5
21.79,1180.1
21.79,1180.7
21.79,1181.3
21.79,1181.9
21.79,1182.5
21.79,1183.1
21.79,1183.7
21.79,1184.3
21.79,1185
21.79,1185.5
21.79,1186.2
21.79,1186.8
21.79,1187.4
21.79,1188
21.79,1188.6
21.79,1189.2
21.79,1189.8
21.79,1190.4
21.79,1191
21.79,1191.6
21.79,1192.2
21.79,1192.8
21.79,1193.4
21.79,1194
21.79,1194.6
21.79,1195.2
21.79,1195.8
21.79,1196.5
21.79,1197
21.79,1197.7
21.79,1198.3
21.79,1198.9
21.79,1199.5
21.79,1200.1
21.8,1200.7
21.79,1201.3
21.8,1201.9
21.8,1202.5
21.8,1203.1
21.8,1203.7
21.8,1204.3
21.8,1204.9
21.8,1205.5
21.8,1206.1
21.8,1206.7
21.8,1207.3
21.8,1208
21.8,1208.6
21.8,1209.2
21.8,1209.8
21.8,1210.4
21.8,1211
21.8,1211.6
21.8,1212.2
21.8,1212.8
21.8,1213.4
21.8,1214
21.8,1214.6
21.8,1215.2
21.8,1215.8
21.8,1216.4
21.8,1217
21.8,1217.6
21.8,1218.2
21.8,1218.8
21.8,1219.5
21.8,1220.1
21.8,1220.7
21.8,1221.3
21.8,1221.9
21.8,1222.5
21.8,1223.1
21.8,1223.7
21.8,1224.3
21.8,1224.9
21.8,1225.5
21.8,1226.1
21.8,1226.7
21.8,1227.3
21.8,1227.9
21.8,1228.5
21.8,1229.1
21.8,1229.7
21.8,1230.3
21.8,1231
21.8,1231.6
21.8,1232.2
21.8,1232.8
21.8,1233.4
21.8,1234
21.8,1234.6
21.8,1235.2
21.8,1235.8
21.8,1236.4
21.8,1237
21.8,1237.6
21.8,1238.2
21.8,1238.8
21.8,1239.4
21.8,1240
21.8,1240.6
21.8,1241.2
21.81,1241.8
21.8,1242.5
21.81,1243.1
21.8,1243.7
21.81,1244.3
21.8,1244.9
21.81,1245.5
21.8,1246.1
21.81,1246.7
21.81,1247.3
21.81,1247.9
21.81,1248.5
21.81,1249.1
21.81,1249.7
21.81,1250.3
21.81,1250.9
21.81,1251.5
21.81,1252.1
21.81,1252.7
21.81,1253.3
21.81,1254
21.81,1254.6
21.81,1255.2
21.81,1255.8
21.81,1256.4
21.81,1257
21.81,1257.6
21.81,1258.2
21.81,1258.8
21.81,1259.4
21.81,1260
21.81,1260.6
21.81,1261.2
21.81,1261.8
21.81,1262.4
21.81,1263
21.81,1263.6
21.81,1264.2
21.81,1264.8
21.81,1265.5
21.81,1266.1
21.81,1266.7
21.81,1267.3
21.81,1267.9
21.81,1268.5
21.81,1269.1
21.81,1269.7
21.81,1270.3
21.81,1270.9
21.81,1271.5
21.81,1272.1
21.81,1272.7
21.81,1273.3
21.81,1273.9
21.81,1274.5
21.81,1275.1
21.81,1275.7
21.81,1276.3
21.81,1277
21.81,1277.6
21.81,1278.2
21.81,1278.8
21.81,1279.4
21.81,1280
21.81,1280.6
21.81,1281.2
21.81,1281.8
21.81,1282.4
21.81,1283
21.81,1283.6
21.81,1284.2
21.81,1284.8
21.81,1285.4
21.81,1286
21.81,1286.6
21.81,1287.2
21.81,1287.8
21.81,1288.5
21.81,1289.1
21.81,1289.7
21.81,1290.3
21.81,1290.9
21.81,1291.5
21.81,1292.1
21.81,1292.7
21.81,1293.3
21.81,1293.9
21.81,1294.5
21.81,1295.1
21.81,1295.7
21.81,1296.3
21.81,1296.9
21.81,1297.5
21.81,1298.1
21.81,1298.8
21.81,1299.3
21.81,1300
21.81,1300.6
21.81,1301.2
21.81,1301.8
21.81,1302.4
21.81,1303
21.81,1303.6
21.81,1304.2
21.81,1304.8
21.81,1305.4
21.81,1306
21.81,1306.6
21.81,1307.2
21.81,1307.8
21.81,1308.4
21.82,1309
21.81,1309.6
21.81,1310.2
21.82,1310.8
21.82,1311.5
21.82,1312.1
21.82,1312.7
21.82,1313.3
21.82,1313.9
21.82,1314.5
21.82,1315.1
21.82,1315.7
21.82,1316.3
21.82,1316.9
21.82,1317.5
21.82,1318.1
21.82,1318.7
21.82,1319.3
21.82,1319.9
21.82,1320.5
21.82,1321.1
21.82,1321.8
21.82,1322.3
21.82,1323
21.82,1323.6
21.82,1324.2
21.82,1324.8
21.82,1325.4
21.82,1326
21.82,1326.6
21.82,1327.2
21.82,1327.8
21.82,1328.4
21.82,1329
21.82,1329.6
21.82,1330.2
21.82,1330.8
21.82,1331.4
21.82,1332
21.82,1332.6
21.82,1333.2
21.82,1333.8
21.82,1334.5
21.82,1335.1
21.82,1335.7
21.82,1336.3
21.82,1336.9
21.82,1337.5
21.82,1338.1
21.82,1338.7
21.82,1339.3
21.82,1339.9
21.82,1340.5
21.82,1341.1
21.82,1341.7
21.82,1342.3
21.82,1342.9
21.82,1343.5
21.82,1344.1
21.82,1344.8
21.82,1345.3
21.82,1346
21.82,1346.6
21.82,1347.2
21.82,1347.8
21.82,1348.4
21.82,1349
21.82,1349.6
21.82,1350.2
21.82,1350.8
21.82,1351.4
21.82,1352
21.82,1352.6
21.82,1353.2
21.82,1353.8
21.82,1354.4
21.82,1355
21.82,1355.6
21.82,1356.2
21.82,1356.8
21.82,1357.5
21.82,1358.1
21.82,1358.7
21.82,1359.3
21.82,1359.9
21.82,1360.5
21.82,1361.1
21.82,1361.7
21.82,1362.3
21.82,1362.9
21.82,1363.5
21.82,1364.1
21.82,1364.7
21.82,1365.3
21.82,1365.9
21.82,1366.5
21.82,1367.2
21.82,1367.8
21.82,1368.4
21.82,1369
21.82,1369.6
21.83,1370.2
21.82,1370.8
21.82,1371.4
21.83,1372
21.83,1372.6
21.83,1373.2
21.83,1373.8
21.83,1374.4
21.83,1375
21.83,1375.6
21.83,1376.2
21.83,1376.8
21.83,1377.4
21.83,1378
21.83,1378.7
21.83,1379.2
21.83,1379.9
21.83,1380.5
21.83,1381.1
21.83,1381.7
21.83,1382.3
21.83,1382.9
21.83,1383.5
21.83,1384.1
21.83,1384.7
21.83,1385.3
21.83,1385.9
21.83,1386.5
21.83,1387.1
21.82,1387.7
21.85,1388.3
21.98,1388.9
22.24,1389.5
22.62,1390.1
23.1,1390.8
23.67,1391.3
24.29,1392
24.98,1392.6
25.72,1393.2
26.47,1393.8
27.25,1394.4
28.05,1395
28.86,1395.6
29.67,1396.2
30.49,1396.8
31.31,1397.4
32.13,1398
32.95,1398.6
33.76,1399.2
34.57,1399.8
35.38,1400.4
36.17,1401
36.95,1401.6
37.73,1402.2
38.45,1402.8
39.08,1403.5
39.57,1404
39.94,1404.7
40.2,1405.3
40.37,1405.9
40.46,1406.5
40.49,1407.1
40.47,1407.7
40.41,1408.3
40.32,1408.9
40.2,1409.5
40.06,1410.1
39.9,1410.7
39.73,1411.3
39.55,1411.9
39.37,1412.5
39.17,1413.1
38.98,1413.7
38.79,1414.3
38.59,1414.9
38.39,1415.5
38.19,1416.1
37.96,1416.7
37.71,1417.3
37.44,1418
37.15,1418.5
36.85,1419.2
36.55,1419.8
36.24,1420.4
35.93,1421
35.62,1421.6
35.31,1422.2
35.01,1422.8
34.71,1423.4
34.41,1424
34.11,1424.6
33.82,1425.2
33.53,1425.8
33.24,1426.4
32.95,1427
32.63,1427.6
32.29,1428.2
31.94,1428.8
31.56,1429.4
31.19,1430
30.8,1430.7
30.41,1431.3
30.03,1431.9
29.64,1432.5
29.25,1433.1
28.86,1433.7
28.48,1434.3
28.1,1434.9
27.74,1435.5
27.41,1436.1
27.12,1436.7
26.87,1437.3
26.63,1437.9
26.43,1438.5
26.27,1439.1
26.17,1439.7
26.11,1440.3
26.08,1440.9
26.06,1441.5
26.04,1442.1
26.03,1442.8
26.03,1443.3
26.02,1444
26.02,1444.6
26.02,1445.2
26.01,1445.8
26.01,1446.4
26,1447
26,1447.6
25.99,1448.2
26.01,1448.8
26.11,1449.4
26.29,1450
26.53,1450.6
26.78,1451.2
27,1451.8
27.22,1452.4
27.45,1453
27.7,1453.6
27.98,1454.2
28.29,1454.8
28.6,1455.5
28.91,1456
29.19,1456.7
29.43,1457.3
29.65,1457.9
29.89,1458.5
30.16,1459.1
30.44,1459.7
30.7,1460.3
30.94,1460.9
31.18,1461.5
31.42,1462.1
31.65,1462.7
31.84,1463.3
32.05,1463.9
32.27,1464.5
32.49,1465.1
32.69,1465.7
32.84,1466.3
32.98,1466.9
33.11,1467.5
33.26,1468.2
33.43,1468.8
33.61,1469.4
33.8,1470
33.99,1470.6
34.19,1471.2
34.39,1471.8
34.59,1472.4
34.79,1473
35,1473.6
35.2,1474.2
35.39,1474.8
35.57,1475.4
35.75,1476
35.92,1476.6
36.08,1477.2
36.23,1477.8
36.38,1478.4
36.51,1479
36.65,1479.6
36.77,1480.2
36.88,1480.8
36.98,1481.5
37.06,1482.1
37.14,1482.7
37.2,1483.3
37.26,1483.9
37.31,1484.5
37.35,1485.1
37.38,1485.7
37.41,1486.3
37.44,1486.9
37.45,1487.5
37.46,1488.1
37.45,1488.7
37.44,1489.3
37.42,1489.9
37.4,1490.5
37.38,1491.1
37.36,1491.7
37.33,1492.3
37.31,1492.9
37.28,1493.5
37.26,1494.2
37.23,1494.8
37.2,1495.4
37.18,1496
37.16,1496.6
37.17,1497.2
37.27,1497.8
37.47,1498.4
37.77,1499
38.16,1499.6
38.61,1500.2
39.13,1500.8
39.68,1502.4
41.31,1503
41.96,1503.6
42.62,1504.2
43.29,1504.8
43.96,1505.4
44.63,1506
45.27,1506.6
45.83,1507.2
46.28,1507.8
46.62,1508.5
46.87,1509.1
47.04,1509.7
47.14,1511.3
47.14,1511.9
47.08,1512.5
46.99,1513.1
46.87,1513.7
46.75,1514.3
46.59,1514.9
46.44,1515.5
46.29,1516.1
46.13,1516.7
45.96,1517.3
45.79,1517.9
45.62,1518.5
45.45,1519.1
45.28,1519.7
45.11,1520.3
44.94,1520.9
44.77,1521.5
44.59,1522.1
44.43,1522.8
44.26,1523.3
44.1,1524
43.93,1524.6
43.77,1525.2
43.61,1525.8
43.45,1526.4
43.31,1527
43.16,1527.6
43.02,1528.2
42.88,1528.8
42.75,1529.4
42.62,1530
42.49,1530.6
42.36,1531.2
42.23,1531.8
42.11,1532.4
41.98,1533
41.86,1533.6
41.74,1534.2
41.63,1534.8
41.51,1535.4
41.4,1536
41.29,1536.6
41.18,1537.2
41.07,1537.8
40.96,1538.5
40.85,1539.1
40.74,1539.7
40.63,1540.3
40.52,1540.9
40.41,1541.5
40.29,1542.1
40.18,1542.7
40.07,1543.3
39.96,1543.9
39.85,1544.5
39.75,1545.1
39.65,1545.7
39.55,1546.3
39.45,1546.9
39.36,1547.5
39.27,1548.1
39.18,1548.7
39.09,1549.3
39.01,1549.9
38.92,1550.5
38.84,1551.1
38.76,1551.8
38.67,1552.3
38.59,1553
38.51,1553.6
38.43,1554.2
38.35,1554.8
38.27,1555.4
38.19,1556
38.11,1556.6
38.03,1557.2
37.96,1557.8
37.88,1558.4
37.8,1559
37.73,1559.6
37.65,1560.2
37.58,1560.8
37.51,1561.4
37.44,1562
37.37,1562.6
37.29,1563.2
37.22,1563.8
37.15,1564.4
37.08,1565
37.01,1565.6
36.94,1566.2
36.87,1566.8
36.81,1567.5
36.74,1568.1
36.68,1568.7
36.62,1569.3
36.56,1569.9
36.5,1570.5
36.44,1571.1
36.38,1571.7
36.32,1572.3
36.26,1572.9
36.21,1573.5
36.15,1574.1
36.09,1574.7
36.04,1575.3
35.98,1575.9
35.92,1576.5
35.87,1577.1
35.81,1577.7
35.76,1578.3
35.7,1578.9
35.64,1579.5
35.59,1580.1
35.53,1580.7
35.48,1581.3
35.42,1582
35.36,1582.5
35.3,1583.2
35.24,1583.8
35.18,1584.4
35.12,1585
35.07,1585.6
35.01,1586.2
34.96,1586.8
34.91,1587.4
34.85,1588
34.8,1588.6
34.75,1589.2
34.7,1589.8
34.65,1590.4
34.6,1591
34.55,1591.6
34.5,1592.2
34.46,1592.8
34.41,1593.4
34.36,1594
34.32,1594.6
34.28,1595.2
34.23,1595.8
34.19,1596.5
34.15,1597
34.11,1597.7
34.07,1598.3
34.03,1598.9
33.99,1599.5
33.95,1600.1
33.91,1600.7
33.88,1601.3
33.84,1601.9
33.8,1602.5
33.77,1603.1
33.73,1603.7
33.7,1604.3
33.67,1604.9
33.64,1605.5
33.6,1606.1
33.57,1606.7
33.54,1607.3
33.51,1607.9
33.48,1608.5
33.44,1609.1
33.41,1609.7
33.38,1610.3
33.35,1611
33.32,1611.5
33.29,1612.2
33.26,1612.8
33.23,1613.4
33.2,1614
33.17,1614.6
33.14,1615.2
33.12,1615.8
33.09,1616.4
33.06,1617
33.03,1617.6
33,1618.2
32.97,1618.8
32.94,1619.4
32.9,1620
32.87,1620.6
32.85,1621.2
32.82,1621.8
32.79,1622.4
32.76,1623
32.73,1623.6
32.71,1624.2
32.68,1624.8
32.65,1625.4
32.62,1626
32.59,1626.7
32.57,1627.3
32.54,1627.9
32.52,1628.5
32.49,1629.1
32.47,1629.7
32.44,1630.3
32.41,1630.9
32.39,1631.5
32.36,1632.1
32.34,1632.7
32.31,1633.3
32.29,1633.9
32.27,1634.5
32.24,1635.1
32.22,1635.7
32.2,1636.3
32.18,1636.9
32.16,1637.5
32.13,1638.1
32.11,1638.7
32.09,1639.3
32.06,1639.9
32.04,1640.5
32.03,1641.2
32,1641.8
31.99,1642.4
31.97,1643
31.95,1643.6
31.93,1644.2
31.92,1644.8
31.9,1645.4
31.88,1646
31.87,1646.6
31.85,1647.2
31.84,1647.8
31.82,1648.4
31.81,1649
31.79,1649.6
31.77,1650.2
31.76,1650.8
31.74,1651.4
31.73,1652
31.71,1652.6
31.69,1653.2
31.68,1653.8
31.66,1654.4
31.65,1655
31.63,1655.7
31.62,1656.2
31.6,1656.9
31.59,1657.5
31.57,1658.1
31.56,1658.7
31.54,1659.3
31.53,1659.9
31.51,1660.5
31.5,1661.1
31.48,1661.7
31.47,1662.3
31.46,1662.9
31.44,1663.5
31.43,1664.1
31.41,1664.7
31.4,1665.3
31.39,1665.9
31.37,1666.5
31.36,1667.1
31.35,1667.7
31.33,1668.3
31.32,1668.9
31.31,1669.5
31.29,1670.2
31.28,1670.8
31.27,1671.4
31.25,1672
31.24,1672.6
31.23,1673.2
31.21,1673.8
31.2,1674.4
31.19,1675
31.18,1675.6
31.17,1676.2
31.16,1676.8
31.15,1677.4
31.14,1678
31.13,1678.6
31.12,1679.2
31.11,1679.8
31.1,1680.4
31.09,1681
31.08,1681.6
31.06,1682.2
31.05,1682.8
31.04,1683.4
31.03,1684
31.01,1684.7
31,1685.2
30.98,1685.8
30.97,1686.5
30.96,1687.1
30.95,1687.7
30.93,1688.3
30.92,1688.9
30.91,1689.5
30.89,1690.1
30.88,1690.7
30.87,1691.3
30.86,1691.9
30.85,1692.5
30.84,1693.1
30.83,1693.7
30.82,1694.3
30.81,1694.9
30.8,1695.5
30.78,1696.1
30.77,1696.7
30.76,1697.3
30.75,1697.9
30.74,1698.5
30.73,1699.1
30.73,1699.8
30.72,1700.3
30.71,1701
30.7,1701.6
30.69,1702.2
30.68,1702.8
30.67,1703.4
30.67,1704
30.66,1704.6
30.65,1705.2
30.64,1705.8
30.63,1706.4
30.62,1707
30.61,1707.6
30.61,1708.2
30.6,1708.8
30.59,1709.4
30.59,1710
30.58,1710.6
30.58,1711.2
30.57,1711.8
30.57,1712.4
30.57,1713
30.56,1713.6
30.56,1714.2
30.55,1714.8
30.54,1715.5
30.53,1716.1
30.53,1716.7
30.52,1717.3
30.51,1717.9
30.51,1718.5
30.5,1719.1
30.5,1719.7
30.5,1720.3
30.49,1720.9
30.48,1721.5
30.48,1722.1
30.48,1722.7
30.48,1723.3
30.47,1723.9
30.47,1724.5
30.47,1725.1
30.46,1725.7
30.46,1726.3
30.45,1726.9
30.45,1727.5
30.45,1728.1
30.44,1728.8
30.44,1729.3
30.43,1730
30.43,1730.6
30.42,1731.2
30.42,1731.8
30.41,1732.4
30.41,1733
30.4,1733.6
30.4,1734.2
30.39,1734.8
30.39,1735.4
30.38,1736
30.38,1736.6
30.37,1737.2
30.36,1737.8
30.36,1738.4
30.35,1739
30.35,1739.6
30.34,1740.2
30.33,1740.8
30.32,1741.4
30.31,1742
30.3,1742.6
30.29,1743.2
30.28,1743.8
30.27,1744.5
30.27,1745.1
30.26,1745.7
30.25,1746.3
30.24,1746.9
30.23,1747.5
30.23,1748.1
30.22,1748.7
30.21,1749.3
30.2,1749.9
30.2,1750.5
30.19,1751.1
30.19,1751.7
30.18,1752.3
30.18,1752.9
30.17,1753.5
30.17,1754.1
30.17,1754.7
30.17,1755.3
30.16,1755.9
30.16,1756.5
30.15,1757.1
30.15,1757.7
30.14,1758.3
30.13,1759
30.12,1759.5
30.12,1760.2
30.11,1760.8
30.11,1761.4
30.1,1762
30.1,1762.6
30.09,1763.2
30.09,1763.8
30.08,1764.4
30.08,1765
30.07,1765.6
30.07,1766.2
30.06,1766.8
30.06,1767.4
30.05,1768
30.04,1768.6
30.03,1769.2
30.03,1769.8
30.02,1770.4
30.01,1771
30,1771.6
29.99,1772.2
29.98,1772.8
29.97,1773.5
29.96,1774
29.95,1774.7
29.94,1775.3
29.93,1775.9
29.92,1776.5
29.91,1777.1
29.9,1777.7
29.9,1778.3
29.89,1778.9
29.89,1779.5
29.88,1780.1
29.88,1780.7
29.88,1781.3
29.88,1781.9
29.88,1782.5
29.88,1783.1
29.88,1783.7
29.88,1784.3
29.88,1784.9
29.88,1785.5
29.88,1786.1
29.88,1786.7
29.87,1787.3
29.87,1788
29.87,1788.5
29.86,1789.2
29.86,1789.8
29.86,1790.4
29.85,1791
29.85,1791.6
29.85,1792.2
29.85,1792.8
29.85,1793.4
29.84,1794
29.84,1794.6
29.84,1795.2
29.84,1795.8
29.84,1796.4
29.83,1797
29.83,1797.6
29.82,1798.2
29.81,1798.8
29.8,1799.4
29.79,1800
29.78,1800.6
29.77,1801.2
29.76,1801.8
29.76,1802.4
29.76,1803
29.75,1803.7
29.75,1804.3
29.75,1804.9
29.75,1805.5
29.75,1806.1
29.75,1806.7
29.75,1807.3
29.75,1807.9
29.75,1808.5
29.75,1809.1
29.75,1809.7
29.75,1810.3
29.75,1810.9
29.75,1811.5
29.75,1812.1
29.75,1812.7
29.75,1813.3
29.75,1813.9
29.75,1814.5
29.74,1815.1
29.74,1815.7
29.74,1816.3
29.74,1816.9
29.74,1817.5
29.74,1818.2
29.73,1818.8
29.73,1819.4
29.73,1820
29.73,1820.6
29.72,1821.2
29.72,1821.8
29.71,1822.4
29.7,1823
29.69,1823.6
29.68,1824.2
29.67,1824.8
29.67,1825.4
29.66,1826
29.65,1826.6
29.65,1827.2
29.64,1827.8
29.64,1828.4
29.64,1829
29.63,1829.6
29.63,1830.2
29.64,1830.8
29.64,1831.4
29.64,1832
29.64,1832.7
29.63,1833.2
29.63,1833.9
29.64,1834.5
29.63,1835.1
29.63,1835.7
29.63,1836.3
29.63,1836.9
29.63,1837.5
29.63,1838.1
29.63,1838.7
29.62,1839.3
29.62,1839.9
29.62,1840.5
29.62,1841.1
29.62,1841.7
29.62,1842.3
29.62,1842.9
29.62,1843.5
29.62,1844.1
29.62,1844.7
29.63,1845.3
29.63,1845.9
29.63,1846.5
29.63,1847.2
29.63,1847.8
29.63,1848.4
29.62,1849
29.62,1849.6
29.62,1850.2
29.62,1850.8
29.62,1851.4
29.61,1852
29.61,1852.6
29.6,1853.2
29.6,1853.8
29.59,1854.4
29.59,1855
29.58,1855.6
29.57,1856.2
29.57,1856.8
29.56,1857.4
29.56,1858
29.55,1858.6
29.55,1859.2
29.55,1859.8
29.54,1860.4
29.54,1861
29.54,1861.7
29.54,1862.2
29.53,1862.8
29.53,1863.5
29.52,1864.1
29.52,1864.7
29.52,1865.3
29.52,1865.9
29.52,1866.5
29.52,1867.1
29.52,1867.7
29.52,1868.3
29.51,1868.9
29.51,1869.5
29.52,1870.1
29.52,1870.7
29.52,1871.3
29.51,1871.9
29.52,1872.5
29.52,1873.1
29.51,1873.7
29.51,1874.3
29.51,1874.9
29.51,1875.5
29.51,1876.2
29.5,1876.8
29.49,1877.3
29.49,1878
29.48,1878.6
29.47,1879.2
29.47,1879.8
29.46,1880.4
29.45,1881
29.44,1881.6
29.43,1882.2
29.42,1882.8
29.41,1883.4
29.41,1884
29.4,1884.6
29.4,1885.2
29.4,1885.8
29.39,1886.4
29.39,1887
29.39,1887.6
29.39,1888.2
29.39,1888.8
29.39,1889.4
29.39,1890
29.4,1890.6
29.39,1891.2
29.39,1891.8
29.39,1892.5
29.39,1893.1
29.38,1893.7
29.38,1894.3
29.37,1894.9
29.36,1895.5
29.36,1896.1
29.36,1896.7
29.36,1897.3
29.35,1897.9
29.36,1898.5
29.36,1899.1
29.36,1899.7
29.36,1900.3
29.36,1900.9
29.37,1901.5
29.37,1902.1
29.37,1902.7
29.38,1903.3
29.38,1903.9
29.38,1904.5
29.38,1905.1
29.39,1905.8
29.39,1906.3
29.39,1907
29.39,1907.6
29.39,1908.2
29.39,1908.8
29.39,1909.4
29.39,1910
29.39,1910.6
29.39,1911.2
29.39,1911.8
29.4,1912.4
29.4,1913
29.4,1913.6
29.4,1914.2
29.4,1914.8
29.4,1915.4
29.4,1916
29.4,1916.6
29.41,1917.2
29.41,1917.8
29.42,1918.4
29.42,1919
29.42,1919.6
29.42,1920.2
29.42,1920.8
29.42,1921.5
29.42,1922.1
29.42,1922.7
29.42,1923.3
29.42,1923.9
29.42,1924.5
29.42,1925.1
29.42,1925.7
29.42,1926.3
29.43,1926.9
29.43,1927.5
29.43,1928.1
29.43,1928.7
29.43,1929.3
29.43,1929.9
29.42,1930.5
29.41,1931.1
29.41,1931.7
29.4,1932.3
29.39,1932.9
29.38,1933.5
29.38,1934.1
29.37,1934.7
29.36,1935.3
29.36,1936
29.35,1936.6
29.34,1937.2
29.34,1937.8
29.34,1938.4
29.34,1939
29.34,1939.6
29.34,1940.2
29.34,1940.8
29.34,1941.4
29.34,1942
29.33,1942.6
29.33,1943.2
29.33,1943.8
29.32,1944.4
29.32,1945
29.32,1945.6
29.32,1946.2
29.31,1946.8
29.31,1947.4
29.32,1948
29.32,1948.6
29.32,1949.2
29.32,1949.8
29.32,1950.5
29.33,1951
29.33,1951.7
29.33,1952.3
29.34,1952.9
29.34,1953.5
29.34,1954.1
29.35,1954.7
29.35,1955.3
29.36,1955.9
29.36,1956.5
29.36,1957.1
29.37,1957.7
29.37,1958.3
29.37,1958.9
29.37,1959.5
29.38,1960.1
29.38,1960.7
29.38,1961.3
29.38,1961.9
29.38,1962.5
29.38,1963.1
29.38,1963.7
29.38,1964.3
29.38,1965
29.38,1965.5
29.38,1966.2
29.38,1966.8
29.38,1967.4
29.39,1968
29.39,1968.6
29.39,1969.2
29.4,1969.8
29.4,1970.4
29.4,1971
29.4,1971.6
29.4,1972.2
29.4,1972.8
29.4,1973.4
29.41,1974
29.4,1974.6
29.4,1975.2
29.4,1975.8
29.4,1976.4
29.39,1977
29.4,1977.6
29.39,1978.2
29.39,1978.8
29.38,1979.5
29.38,1980
29.37,1980.7
29.37,1981.3
29.36,1981.9
29.35,1982.5
29.34,1983.1
29.33,1983.7
29.33,1984.3
29.32,1984.9
29.31,1985.5
29.31,1986.1
29.3,1986.7
29.29,1987.3
29.29,1987.9
29.28,1988.5
29.28,1989.1
29.27,1989.7
29.27,1990.3
29.27,1990.9
29.26,1991.5
29.26,1992.1
29.26,1992.7
29.26,1993.3
29.26,1993.9
29.26,1994.5
29.26,1995.2
29.26,1995.8
29.26,1996.4
29.27,1997
29.27,1997.6
29.27,1998.2
29.28,1998.8
29.28,1999.4
29.29,2000
29.29,2000.6
29.3,2001.2
29.3,2001.8
29.3,2002.4
29.3,2003
29.3,2003.6
29.31,2004.2
29.31,2004.8
29.31,2005.4
29.31,2006
29.31,2006.6
29.31,2007.2
29.32,2007.8
29.32,2008.4
29.32,2009
29.32,2009.7
29.32,2010.3
29.32,2010.9
29.33,2011.5
29.33,2012.1
29.33,2012.7
29.33,2013.3
29.33,2013.9
29.33,2014.5
29.32,2015.1
29.32,2015.7
29.31,2016.3
29.31,2016.9
29.31,2017.5
29.3,2018.1
29.3,2018.7
29.3,2019.3
29.29,2019.9
29.29,2020.5
29.29,2021.1
29.29,2021.7
29.28,2022.3
29.29,2022.9
29.28,2023.5
29.28,2024.2
29.29,2024.8
29.28,2025.4
29.29,2026
29.29,2026.6
29.29,2027.2
29.29,2027.8
29.3,2028.4
29.3,2029
29.3,2029.6
29.3,2030.2
29.3,2030.8
29.31,2031.4
29.31,2032
29.31,2032.6
29.31,2033.2
29.31,2033.8
29.31,2034.4
29.31,2035
29.31,2035.6
29.31,2036.2
29.31,2036.8
29.31,2037.4
29.31,2038
29.3,2038.7
29.3,2039.2
29.3,2039.9
29.3,2040.5
29.3,2041.1
29.3,2041.7
29.3,2042.3
29.3,2042.9
29.3,2043.5
29.3,2044.1
29.3,2044.7
29.31,2045.3
29.31,2045.9
29.31,2046.5
29.31,2047.1
29.32,2047.7
29.32,2048.3
29.32,2048.9
29.33,2049.5
29.33,2050.1
29.33,2050.7
29.33,2051.3
29.34,2051.9
29.34,2052.5
29.34,2053.2
29.34,2053.8
29.34,2054.3
29.34,2055
29.34,2055.6
29.34,2056.2
29.34,2056.8
29.34,2057.4
29.34,2058
29.34,2058.6
29.34,2059.2
29.34,2059.8
29.34,2060.4
29.34,2061
29.34,2061.6
29.35,2062.2
29.35,2062.8
29.35,2063.4
29.35,2064
29.35,2064.6
29.35,2065.2
29.35,2065.8
29.35,2066.4
29.35,2067
29.36,2067.6
29.36,2068.2
29.36,2068.8
29.36,2069.5
29.36,2070.1
29.36,2070.7
29.36,2071.3
29.36,2071.9
29.36,2072.5
29.36,2073.1
29.36,2073.7
29.35,2074.3
29.35,2074.9
29.35,2075.5
29.34,2076.1
29.33,2076.7
29.33,2077.3
29.32,2077.9
29.32,2078.5
29.31,2079.1
29.31,2079.7
29.3,2080.3
29.3,2080.9
29.29,2081.5
29.29,2082.1
29.28,2082.8
29.28,2083.3
29.28,2084
29.28,2084.6
29.28,2085.2
29.27,2085.8
29.27,2086.4
29.27,2087
29.26,2087.6
29.26,2088.2
29.25,2088.8
29.25,2089.4
29.25,2090
29.24,2090.6
29.25,2091.2
29.25,2091.8
29.25,2092.4
29.24,2093
29.25,2093.6
29.25,2094.2
29.25,2094.8
29.24,2095.4
29.24,2096
29.23,2096.6
29.23,2097.2
29.22,2097.8
29.22,2098.4
29.21,2099.1
29.21,2099.7
29.21,2100.3
29.21,2100.9
29.21,2101.5
29.21,2102.1
29.21,2102.7
29.22,2103.3
29.22,2103.9
29.22,2104.5
29.22,2105.1
29.22,2105.7
29.22,2106.3
29.22,2106.9
29.22,2107.5
29.22,2108.1
29.22,2108.7
29.22,2109.3
29.22,2109.9
29.22,2110.5
29.22,2111.1
29.23,2111.8
29.23,2112.3
29.23,2112.9
29.23,2113.6
29.23,2114.2
29.23,2114.8
29.23,2115.4
29.24,2116
29.24,2116.6
29.24,2117.2
29.24,2117.8
29.25,2118.4
29.25,2119
29.25,2119.6
29.25,2120.2
29.25,2120.8
29.26,2121.4
29.26,2122
29.26,2122.6
29.26,2123.2
29.26,2123.8
29.26,2124.4
29.27,2125
29.27,2125.6
29.27,2126.2
29.27,2126.8
29.27,2127.4
29.27,2128.1
29.27,2128.7
29.27,2129.3
29.27,2129.9
29.27,2130.5
29.27,2131.1
29.27,2131.7
29.27,2132.3
29.27,2132.9
29.28,2133.5
29.27,2134.1
29.28,2134.7
29.28,2135.3
29.27,2135.9
29.27,2136.5
29.27,2137.1
29.26,2137.7
29.26,2138.3
29.25,2138.9
29.24,2139.5
29.23,2140.1
29.23,2140.7
29.23,2141.3
29.23,2141.9
29.22,2142.6
29.22,2143.2
29.22,2143.8
29.21,2144.4
29.22,2145
29.22,2145.6
29.21,2146.2
29.22,2146.8
29.22,2147.4
29.22,2148
29.22,2148.6
29.22,2149.2
29.23,2149.8
29.23,2150.4
29.23,2151
29.24,2151.6
29.24,2152.2
29.24,2152.8
29.24,2153.4
29.24,2154
29.24,2154.6
29.25,2155.2
29.25,2155.8
29.25,2156.4
29.26,2157.1
29.26,2157.7
29.26,2158.3
29.26,2158.9
29.26,2159.5
29.26,2160.1
29.27,2160.7
29.27,2161.3
29.27,2161.9
29.27,2162.5
29.27,2163.1
29.27,2163.7
29.28,2164.3
29.28,2164.9
29.28,2165.5
29.28,2166.1
29.28,2166.7
29.29,2167.3
29.29,2167.9
29.29,2168.5
29.29,2169.1
29.29,2169.7
29.29,2170.3
29.29,2170.9
29.29,2171.6
29.29,2172.2
29.3,2172.8
29.3,2173.4
29.3,2174
29.3,2174.6
29.3,2175.2
29.31,2175.8
29.31,2176.4
29.31,2177
29.31,2177.6
29.31,2178.2
29.31,2178.8
29.32,2179.4
29.31,2180
29.31,2180.6
29.31,2181.2
29.31,2181.8
29.31,2182.4
29.31,2183
29.31,2183.6
29.31,2184.2
29.32,2184.8
29.32,2185.4
29.32,2186.1
29.32,2186.7
29.32,2187.3
29.32,2187.9
29.32,2188.5
29.32,2189.1
29.32,2189.7
29.32,2190.3
29.32,2190.9
29.32,2191.5
29.32,2192.1
29.32,2192.7
29.32,2193.3
29.32,2193.9
29.32,2194.5
29.32,2195.1
29.32,2195.7
29.32,2196.3
29.32,2196.9
29.32,2197.5
29.32,2198.1
29.32,2198.7
29.32,2199.3
29.32,2199.9
29.31,2200.6
29.31,2201.2
29.3,2201.8
29.29,2202.4
29.28,2203
29.27,2203.6
29.27,2204.2
29.26,2204.8
29.25,2205.4
29.24,2206
29.23,2206.6
29.23,2207.2
29.22,2207.8
29.21,2208.4
29.21,2209
29.2,2209.6
29.2,2210.2
29.19,2210.8
29.19,2211.4
29.19,2212
29.18,2212.6
29.18,2213.2
29.18,2213.8
29.18,2214.4
29.18,2215.1
29.19,2215.7
29.19,2216.2
29.2,2216.9
29.2,2217.5
29.2,2218.1
29.21,2218.7
29.21,2219.3
29.21,2219.9
29.22,2220.5
29.22,2221.1
29.22,2221.7
29.22,2222.3
29.22,2222.9
29.23,2223.5
29.23,2224.1
29.24,2224.7
29.24,2225.3
29.25,2225.9
29.25,2226.5
29.26,2227.1
29.26,2227.7
29.27,2228.3
29.27,2228.9
29.27,2229.5
29.28,2230.2
29.28,2230.8
29.28,2231.4
29.29,2232
29.29,2232.6
29.29,2233.2
29.29,2233.8
29.29,2234.4
29.29,2235
29.29,2235.6
29.29,2236.2
29.29,2236.8
29.29,2237.4
29.29,2238
29.29,2238.6
29.29,2239.2
29.29,2239.8
29.29,2240.4
29.29,2241
29.3,2241.6
29.3,2242.2
29.3,2242.8
29.3,2243.4
29.3,2244
29.3,2244.7
29.3,2245.2
29.3,2245.8
29.3,2246.5
29.3,2247.1
29.29,2247.7
29.29,2248.3
29.29,2248.9
29.29,2249.5
29.29,2250.1
29.29,2250.7
29.29,2251.3
29.29,2251.9
29.29,2252.5
29.29,2253.1
29.3,2253.7
29.3,2254.3
29.3,2254.9
29.3,2255.5
29.3,2256.1
29.3,2256.7
29.3,2257.3
29.3,2257.9
29.3,2258.5
29.3,2259.1
29.3,2259.8
29.3,2260.3
29.3,2261
29.3,2261.6
29.3,2262.2
29.3,2262.8
29.3,2263.4
29.3,2264
29.31,2264.6
29.31,2265.2
29.31,2265.8
29.32,2266.4
29.32,2267
29.32,2267.6
29.33,2268.2
29.33,2268.8
29.33,2269.4
29.33,2270
29.33,2270.6
29.33,2271.2
29.32,2271.8
29.32,2272.4
29.31,2273
29.31,2273.6
29.3,2274.2
29.29,2274.8
29.28,2275.5
29.28,2276.1
29.27,2276.7
29.26,2277.3
29.26,2277.9
29.26,2278.5
29.26,2279.1
29.26,2279.7
29.26,2280.3
29.26,2280.9
29.26,2281.5
29.26,2282.1
29.26,2282.7
29.26,2283.3
29.26,2283.9
29.26,2284.5
29.26,2285.1
29.26,2285.7
29.27,2286.3
29.27,2286.9
29.28,2287.5
29.28,2288.1
29.28,2288.8
29.29,2289.3
29.29,2289.9
29.3,2290.6
29.3,2291.2
29.31,2291.8
29.31,2292.4
29.31,2293
29.32,2293.6
29.32,2294.2
29.32,2294.8
29.33,2295.4
29.33,2296
29.33,2296.6
29.34,2297.2
29.34,2297.8
29.34,2298.4
29.35,2299
29.35,2299.6
29.35,2300.2
29.36,2300.8
29.36,2301.4
29.36,2302
29.36,2302.6
29.36,2303.2
29.36,2303.8
29.36,2304.4
29.37,2305.1
29.37,2305.7
29.37,2306.3
29.37,2306.9
29.37,2307.5
29.37,2308.1
29.37,2308.7
29.37,2309.3
29.37,2309.9
29.37,2310.5
29.37,2311.1
29.37,2311.7
29.37,2312.3
29.37,2312.9
29.37,2313.5
29.38,2314.1
29.38,2314.7
29.38,2315.3
29.38,2315.9
29.38,2316.5
29.39,2317.1
29.39,2317.7
29.39,2318.3
29.39,2318.9
29.4,2319.6
29.4,2320.2
29.4,2320.8
29.4,2321.4
29.41,2322
29.41,2322.6
29.41,2323.2
29.42,2323.8
29.42,2324.4
29.42,2325
29.42,2325.6
29.42,2326.2
29.42,2326.8
29.42,2327.4
29.42,2328
29.42,2328.6
29.43,2329.2
29.43,2329.8
29.43,2330.4
29.43,2331
29.43,2331.6
29.44,2332.2
29.44,2332.8
29.44,2333.4
29.45,2334.1
29.45,2334.7
29.45,2335.3
29.45,2335.9
29.45,2336.5
29.45,2337.1
29.45,2337.7
29.45,2338.3
29.45,2338.9
29.45,2339.5
29.45,2340.1
29.45,2340.7
29.45,2341.3
29.45,2341.9
29.45,2342.5
29.44,2343.1
29.44,2343.7
29.44,2344.3
29.44,2344.9
29.44,2345.5
29.44,2346.1
29.44,2346.7
29.44,2347.3
29.44,2347.9
29.44,2348.6
29.44,2349.2
29.44,2349.8
29.44,2350.4
29.44,2351
29.44,2351.6
29.44,2352.2
29.44,2352.8
29.44,2353.4
29.44,2354
29.44,2354.6
29.44,2355.2
29.44,2355.8
29.45,2356.4
29.42,2357
29.44,2357.6
29.43,2358.2
29.43,2358.8
29.42,2359.4
29.43,2360
29.43,2360.6
29.43,2361.2
29.43,2361.8
29.44,2362.4
29.43,2363.1
29.43,2363.7
29.42,2364.3
29.42,2364.9
29.41,2365.5
29.41,2366.1
29.4,2366.7
29.39,2367.3
29.39,2367.9
29.38,2368.5
29.38,2369.1
29.38,2369.7
29.38,2370.3
29.38,2370.9
29.38,2371.5
29.38,2372.1
29.38,2372.7
29.38,2373.3
29.38,2373.9
29.38,2374.5
29.39,2375.1
29.39,2375.7
29.39,2376.3
29.39,2376.9
29.39,2377.6
29.39,2378.2
29.39,2378.8
29.39,2379.4
29.39,2380
29.39,2380.6
29.38,2381.2
29.38,2381.8
29.38,2382.4
29.38,2383
29.38,2383.6
29.38,2384.2
29.38,2384.8
29.38,2385.4
29.38,2386
29.38,2386.6
29.38,2387.2
29.38,2387.8
29.38,2388.4
29.38,2389
29.38,2389.6
29.38,2390.2
29.39,2390.8
29.39,2391.4
29.39,2392.1
29.4,2392.7
29.4,2393.2
29.41,2393.9
29.41,2394.5
29.41,2395.1
29.42,2395.7
29.42,2396.3
29.42,2396.9
29.42,2397.5
29.42,2398.1
29.42,2398.7
29.42,2399.3
29.42,2399.9
29.42,2400.5
29.42,2401.1
29.42,2401.7
29.42,2402.3
29.42,2402.9
29.42,2403.5
29.42,2404.1
29.42,2404.7
29.42,2405.3
29.42,2405.9
29.42,2406.5
29.42,2407.2
29.42,2407.8
29.42,2408.4
29.42,2409
29.42,2409.6
29.42,2410.2
29.42,2410.8
29.42,2411.4
29.42,2412
29.42,2412.6
29.42,2413.2
29.42,2413.8
29.42,2414.4
29.41,2415
29.41,2415.6
29.41,2416.2
29.41,2416.8
29.41,2417.4
29.41,2418
29.41,2418.6
29.41,2419.2
29.4,2419.8
29.4,2420.4
29.41,2421
29.41,2421.7
29.41,2422.2
29.41,2422.9
29.41,2423.5
29.41,2424.1
29.41,2424.7
29.41,2425.3
29.42,2425.9
29.42,2426.5
29.42,2427.1
29.42,2427.7
29.42,2428.3
29.42,2428.9
29.42,2429.5
29.42,2430.1
29.42,2430.7
29.42,2431.3
29.41,2431.9
29.41,2432.5
29.41,2433.1
29.41,2433.7
29.4,2434.3
29.4,2434.9
29.39,2435.5
29.38,2436.2
29.38,2436.8
29.38,2437.3
29.37,2438
29.36,2438.6
29.36,2439.2
29.35,2439.8
29.34,2440.4
29.34,2441
29.33,2441.6
29.33,2442.2
29.32,2442.8
29.31,2443.4
29.31,2444
29.3,2444.6
29.3,2445.2
29.29,2445.8
29.29,2446.4
29.29,2447
29.29,2447.6
29.28,2448.2
29.28,2448.8
29.28,2449.4
29.27,2450
29.27,2450.6
29.27,2451.2
29.27,2451.8
29.27,2452.5
29.27,2453.1
29.26,2453.7
29.26,2454.3
29.26,2454.9
29.25,2455.5
29.25,2456.1
29.25,2456.7
29.25,2457.3
29.25,2457.9
29.25,2458.5
29.25,2459.1
29.26,2459.7
29.26,2460.3
29.26,2460.9
29.27,2461.5
29.27,2462.1
29.27,2462.7
29.28,2463.3
29.28,2463.9
29.29,2464.5
29.29,2465.1
29.29,2465.8
29.3,2466.3
29.3,2466.9
29.3,2467.6
29.3,2468.2
29.31,2468.8
29.31,2469.4
29.31,2470
29.31,2470.6
29.31,2471.2
29.3,2471.8
29.3,2472.4
29.29,2473
29.28,2473.6
29.28,2474.2
29.27,2474.8
29.26,2475.4
29.26,2476
29.26,2476.6
29.26,2477.2
29.25,2477.8
29.25,2478.4
29.25,2479
29.25,2479.6
29.25,2480.2
29.25,2480.8
29.25,2481.4
29.25,2482.1
29.24,2482.7
29.24,2483.3
29.25,2483.9
29.25,2484.5
29.25,2485.1
29.25,2485.7
29.25,2486.3
29.25,2486.9
29.26,2487.5
29.26,2488.1
29.26,2488.7
29.27,2489.3
29.27,2489.9
29.27,2490.5
29.26,2491.1
29.26,2491.7
29.26,2492.3
29.25,2492.9
29.25,2493.5
29.24,2494.1
29.24,2494.7
29.23,2495.3
29.23,2495.9
29.22,2496.6
29.22,2497.2
29.21,2497.8
29.21,2498.4
29.21,2499
29.21,2499.6
29.21,2500.2
29.2,2500.8
29.21,2501.4
29.2,2502
29.2,2502.6
29.2,2503.2
29.2,2503.8
29.2,2504.4
29.2,2505
29.2,2505.6
29.2,2506.2
29.19,2506.8
29.19,2507.4
29.19,2508
29.18,2508.6
29.18,2509.2
29.17,2509.8
29.17,2510.4
29.16,2511.1
29.16,2511.7
29.16,2512.3
29.16,2512.9
29.16,2513.5
29.16,2514.1
29.16,2514.7
29.16,2515.3
29.16,2515.9
29.16,2516.5
29.17,2517.1
29.17,2517.7
29.17,2518.3
29.18,2518.9
29.18,2519.5
29.19,2520.1
29.19,2520.7
29.2,2521.3
29.2,2521.9
29.2,2522.5
29.2,2523.1
29.19,2523.7
29.19,2524.3
29.18,2524.9
29.18,2525.6
29.17,2526.2
29.16,2526.8
29.16,2527.4
29.15,2528
29.14,2528.6
29.14,2529.2
29.13,2529.8
29.13,2530.4
29.12,2531
29.12,2531.6
29.11,2532.2
29.11,2532.8
29.1,2533.4
29.1,2534
29.09,2534.6
29.09,2535.2
29.09,2535.8
29.08,2536.4
29.08,2537
29.08,2537.6
29.08,2538.2
29.08,2538.8
29.07,2539.4
29.07,2540.1
29.06,2540.7
29.06,2541.3
29.06,2541.9
29.05,2542.5
29.05,2543.1
29.05,2543.7
29.05,2544.3
29.06,2544.9
29.06,2545.5
29.06,2546.1
29.06,2546.7
29.06,2547.3
29.06,2547.9
29.06,2548.5
29.06,2549.1
29.06,2549.7
29.06,2550.3
29.06,2550.9
29.06,2551.5
29.06,2552.1
29.06,2552.7
29.06,2553.3
29.07,2553.9
29.07,2554.6
29.07,2555.2
29.07,2555.8
29.07,2556.4
29.07,2557
29.07,2557.6
29.07,2558.2
29.06,2558.8
29.06,2559.4
29.06,2560
29.06,2560.6
29.06,2561.2
29.06,2561.8
29.06,2562.4
29.06,2563
29.06,2563.6
29.07,2564.2
29.07,2564.8
29.07,2565.4
29.08,2566
29.08,2566.6
29.09,2567.2
29.1,2567.8
29.1,2568.4
29.1,2569.1
29.1,2569.7
29.1,2570.3
29.09,2570.9
29.09,2571.5
29.09,2572.1
29.08,2572.7
29.08,2573.3
29.08,2573.9
29.07,2574.5
29.07,2575.1
29.08,2575.7
29.08,2576.3
29.08,2576.9
29.08,2577.5
29.08,2578.1
29.09,2578.7
29.09,2579.3
29.1,2579.9
29.1,2580.5
29.1,2581.1
29.1,2581.7
29.1,2582.3
29.1,2582.9
29.1,2583.6
29.1,2584.2
29.11,2584.8
29.11,2585.4
29.11,2586
29.11,2586.6
29.11,2587.2
29.12,2587.8
29.12,2588.4
29.12,2589
29.13,2589.6
29.13,2590.2
29.14,2590.8
29.14,2591.4
29.14,2592
29.14,2592.6
29.14,2593.2
29.14,2593.8
29.14,2594.4
29.13,2595
29.13,2595.6
29.12,2596.2
29.12,2596.8
29.11,2597.4
29.11,2598
29.1,2598.7
29.1,2599.2
29.1,2599.9
29.1,2600.5
29.1,2601.1
29.1,2601.7
29.1,2602.3
29.1,2602.9
29.11,2603.5
29.11,2604.1
29.11,2604.7
29.11,2605.3
29.11,2605.9
29.11,2606.5
29.11,2607.1
29.11,2607.7
29.11,2608.3
29.11,2608.9
29.1,2609.5
29.1,2610.1
29.1,2610.7
29.1,2611.3
29.1,2611.9
29.1,2612.5
29.1,2613.2
29.1,2613.8
29.1,2614.3
29.11,2615
29.11,2615.6
29.11,2616.2
29.12,2616.8
29.12,2617.4
29.12,2618
29.13,2618.6
29.13,2619.2
29.13,2619.8
29.13,2620.4
29.13,2621
29.12,2621.6
29.12,2622.2
29.12,2622.8
29.12,2623.4
29.11,2624
29.11,2624.6
29.11,2625.2
29.1,2625.8
29.1,2626.4
29.1,2627
29.1,2627.7
29.1,2628.2
29.1,2628.8
29.1,2629.5
29.11,2630.1
29.11,2630.7
29.11,2631.3
29.11,2631.9
29.12,2632.5
29.12,2633.1
29.13,2633.7
29.13,2634.3
29.13,2634.9
29.13,2635.5
29.13,2636.1
29.13,2636.7
29.13,2637.3
29.13,2637.9
29.13,2638.5
29.12,2639.1
29.12,2639.7
29.12,2640.3
29.11,2640.9
29.11,2641.5
29.11,2642.1
29.11,2642.8
29.1,2643.3
29.1,2644
29.09,2644.6
29.09,2645.2
29.09,2645.8
29.08,2646.4
29.08,2647
29.07,2647.6
29.06,2648.2
29.06,2648.8
29.06,2649.4
29.05,2650
29.05,2650.6
29.05,2651.2
29.04,2651.8
29.04,2652.4
29.04,2653
29.03,2653.6
29.03,2654.2
29.02,2654.8
29.02,2655.4
29.02,2656
29.02,2656.6
29.01,2657.2
29.01,2657.8
29,2658.4
29,2659.1
29,2659.7
29,2660.3
29,2660.9
29,2661.5
29,2662.1
29,2662.7
29,2663.3
29,2663.9
29,2664.5
29.01,2665.1
29.01,2665.7
29.02,2666.3
29.02,2666.9
29.03,2667.5
29.03,2668.1
29.03,2668.7
29.04,2669.3
29.04,2669.9
29.03,2670.5
29.04,2671.1
29.03,2671.8
29.03,2672.3
29.03,2672.9
29.03,2673.6
29.03,2674.2
29.03,2674.8
29.02,2675.4
29.02,2676
29.02,2676.6
29.02,2677.2
29,2677.8
29.01,2678.4
29,2679
29,2679.6
28.99,2680.2
29,2680.8
28.98,2681.4
28.99,2682
28.98,2682.6
28.98,2683.2
28.97,2683.8
28.97,2684.4
28.97,2685
28.96,2685.6
28.97,2686.2
28.95,2686.8
28.95,2687.4
28.96,2688.1
28.95,2688.7
28.95,2689.3
28.94,2689.9
28.95,2690.5
28.94,2691.1
28.95,2691.7
28.95,2692.3
28.95,2692.9
28.94,2693.5
28.96,2694.1
28.96,2694.7
28.95,2695.3
28.96,2695.9
28.96,2696.5
28.95,2697.1
28.96,2697.7
28.96,2698.3
28.96,2698.9
28.97,2699.5
28.97,2700.1
28.97,2700.7
28.97,2701.3
28.96,2701.9
28.96,2702.6
28.96,2703.2
28.96,2703.8
28.96,2704.4
28.96,2705
28.96,2705.6
28.95,2706.2
28.95,2706.8
28.94,2707.4
28.94,2708
28.94,2708.6
28.94,2709.2
28.94,2709.8
28.94,2710.4
28.94,2711
28.95,2711.6
28.95,2712.2
28.95,2712.8
28.96,2713.4
28.96,2714
28.96,2714.6
28.96,2715.2
28.97,2715.8
28.95,2716.4
28.95,2717.1
28.95,2717.7
28.94,2718.3
28.94,2718.9
28.94,2719.5
28.93,2720.1
28.93,2720.7
28.93,2721.3
28.93,2721.9
28.92,2722.5
28.92,2723.1
28.92,2723.7
28.92,2724.3
28.92,2724.9
28.92,2725.5
28.92,2726.1
28.92,2726.7
28.91,2727.3
28.91,2727.9
28.91,2728.5
28.91,2729.1
28.9,2729.7
28.9,2730.3
28.9,2730.9
28.9,2731.6
28.89,2732.2
28.89,2732.8
28.89,2733.4
28.89,2734
28.9,2734.6
28.9,2735.2
28.9,2735.8
28.91,2736.4
28.92,2737
28.92,2737.6
28.93,2738.2
28.94,2738.8
28.94,2739.4
28.95,2740
28.96,2740.6
28.97,2741.2
28.97,2741.8
28.98,2742.4
28.99,2743
28.99,2743.6
29,2744.2
29,2744.8
29.01,2745.4
29.01,2746.1
29.01,2746.7
29.02,2747.3
29.02,2747.9
29.03,2748.5
29.03,2749.1
29.04,2749.7
29.04,2750.3
29.04,2750.9
29.05,2751.5
29.05,2752.1
29.05,2752.7
29.05,2753.3
29.05,2753.9
29.05,2754.5
29.05,2755.1
29.05,2755.7
29.05,2756.3
29.05,2756.9
29.05,2757.5
29.05,2758.1
29.05,2758.7
29.05,2759.3
29.05,2759.9
29.05,2760.6
29.05,2761.2
29.05,2761.8
29.05,2762.4
29.05,2763
29.06,2763.6
29.06,2764.2
29.06,2764.8
29.06,2765.4
29.06,2766
29.06,2766.6
29.05,2767.2
29.05,2767.8
29.04,2768.4
29.04,2769
29.03,2769.6
29.03,2770.2
29.02,2770.8
29.02,2771.4
29.01,2772
29.01,2772.6
29,2773.2
29,2773.8
29,2774.4
28.99,2775.1
28.99,2775.7
28.99,2776.2
28.98,2776.9
28.98,2777.5
28.98,2778.1
28.98,2778.7
28.97,2779.3
28.97,2779.9
28.97,2780.5
28.97,2781.1
28.96,2781.7
28.96,2782.3
28.96,2782.9
28.96,2783.5
28.95,2784.1
28.95,2784.7
28.95,2785.3
28.95,2785.9
28.95,2786.5
28.95,2787.1
28.95,2787.7
28.95,2788.3
28.95,2788.9
28.95,2789.5
28.96,2790.2
28.96,2790.8
28.96,2791.4
28.97,2792
28.97,2792.6
28.97,2793.2
28.97,2793.8
28.97,2794.4
28.97,2795
28.97,2795.6
28.97,2796.2
28.97,2796.8
28.97,2797.4
28.97,2798
28.97,2798.6
28.98,2799.2
28.98,2799.8
28.99,2800.4
28.99,2801
29,2801.6
29.01,2802.2
29.01,2802.8
29.02,2803.4
29.03,2804
29.03,2804.7
29.04,2805.2
29.05,2805.8
29.05,2806.5
29.06,2807.1
29.07,2807.7
29.07,2808.3
29.08,2808.9
29.08,2809.5
29.09,2810.1
29.09,2810.7
29.1,2811.3
29.1,2811.9
29.11,2812.5
29.11,2813.1
29.12,2813.7
29.13,2814.3
29.13,2814.9
29.13,2815.5
29.14,2816.1
29.14,2816.7
29.14,2817.3
29.13,2817.9
29.13,2818.5
29.12,2819.1
29.12,2819.8
29.11,2820.3
29.1,2821
29.1,2821.6
29.09,2822.2
29.08,2822.8
29.08,2823.4
29.07,2824
29.07,2824.6
29.06,2825.2
29.05,2825.8
29.04,2826.4
29.04,2827
29.03,2827.6
29.03,2828.2
29.02,2828.8
29.01,2829.4
29.01,2830
29,2830.6
29,2831.2
28.99,2831.8
28.99,2832.4
28.99,2833
28.99,2833.6
28.98,2834.2
28.98,2834.8
28.98,2835.5
28.98,2836.1
28.98,2836.7
28.98,2837.3
28.98,2837.9
28.99,2838.5
28.99,2839.1
28.99,2839.7
28.99,2840.3
28.99,2840.9
28.99,2841.5
28.99,2842.1
28.99,2842.7
28.99,2843.3
28.98,2843.9
28.98,2844.5
28.98,2845.1
28.97,2845.7
28.97,2846.3
28.97,2846.9
28.97,2847.5
28.97,2848.1
28.96,2848.8
28.96,2849.3
28.96,2849.9
28.96,2850.6
28.96,2851.2
28.96,2851.8
28.96,2852.4
28.96,2853
28.96,2853.6
28.96,2854.2
28.96,2854.8
28.97,2855.4
28.97,2856
28.97,2856.6
28.97,2857.2
28.98,2857.8
28.98,2858.4
28.99,2859
29,2859.6
29,2860.2
29.01,2860.8
29.01,2861.4
29.02,2862
29.03,2862.6
29.03,2863.2
29.04,2863.8
29.05,2864.4
29.06,2865.1
29.06,2865.7
29.07,2866.3
29.08,2866.9
29.08,2867.5
29.09,2868.1
29.09,2868.7
29.1,2869.3
29.1,2869.9
29.11,2870.5
29.11,2871.1
29.11,2871.7
29.11,2872.3
29.11,2872.9
29.12,2873.5
29.12,2874.1
29.12,2874.7
29.12,2875.3
29.12,2875.9
29.12,2876.5
29.13,2877.1
29.12,2877.7
29.12,2878.3
29.12,2878.9
29.12,2879.6
29.11,2880.2
29.11,2880.8
29.11,2881.4
29.11,2882
29.11,2882.6
29.1,2883.2
29.1,2883.8
29.1,2884.4
29.1,2885
29.1,2885.6
29.11,2886.2
29.11,2886.8
29.11,2887.4
29.11,2888
29.11,2888.6
29.11,2889.2
29.12,2889.8
29.12,2890.4
29.12,2891
29.13,2891.6
29.13,2892.2
29.13,2892.8
29.13,2893.4
29.13,2894.1
29.13,2894.7
29.13,2895.3
29.13,2895.9
29.13,2896.5
29.13,2897.1
29.12,2897.7
29.12,2898.3
29.12,2898.9
29.12,2899.5
29.12,2900.1
29.12,2900.7
29.12,2901.3
29.12,2901.9
29.13,2902.5
29.13,2903.1
29.13,2903.7
29.14,2904.3
29.14,2904.9
29.14,2905.5
29.15,2906.1
29.15,2906.7
29.15,2907.3
29.15,2907.9
29.15,2908.6
29.15,2909.2
29.15,2909.8
29.15,2910.4
29.16,2911
29.16,2911.6
29.16,2912.2
29.16,2912.8
29.16,2913.4
29.17,2914
29.17,2914.6
29.17,2915.2
29.17,2915.8
29.17,2916.4
29.17,2917
29.18,2917.6
29.18,2918.2
29.17,2918.8
29.17,2919.4
29.16,2920
29.16,2920.6
29.16,2921.2
29.15,2921.8
29.14,2922.4
29.14,2923.1
29.13,2923.7
29.12,2924.3
29.12,2924.9
29.11,2925.5
29.11,2926.1
29.11,2926.7
29.1,2927.3
29.09,2927.9
29.09,2928.5
29.09,2929.1
29.08,2929.7
29.08,2930.3
29.08,2930.9
29.08,2931.5
29.08,2932.1
29.08,2932.7
29.08,2933.3
29.08,2933.9
29.08,2934.5
29.08,2935.1
29.08,2935.7
29.08,2936.3
29.08,2936.9
29.08,2937.6
29.08,2938.2
29.08,2938.8
29.08,2939.4
29.08,2940
29.08,2940.6
29.07,2941.2
29.07,2941.8
29.07,2942.4
29.06,2943
29.06,2943.6
29.05,2944.2
29.05,2944.8
29.04,2945.4
29.04,2946
29.03,2946.6
29.03,2947.2
29.03,2947.8
29.03,2948.4
29.02,2949
29.02,2949.6
29.02,2950.2
29.02,2950.8
29.01,2951.4
29.01,2952.1
29.01,2952.7
29.01,2953.2
29.01,2953.9
29.01,2954.5
29.01,2955.1
29.01,2955.7
29,2956.3
29,2956.9
29,2957.5
29,2958.1
29,2958.7
29,2959.3
29,2959.9
29,2960.5
29,2961.1
29,2961.7
29,2962.3
29,2962.9
29,2963.5
29,2964.1
29.01,2964.7
29.01,2965.3
29.01,2965.9
29.02,2966.6
29.02,2967.2
29.02,2967.8
29.02,2968.4
29.03,2969
29.03,2969.6
29.03,2970.2
29.03,2970.8
29.03,2971.4
29.04,2972
29.04,2972.6
29.04,2973.2
29.05,2973.8
29.05,2974.4
29.06,2975
29.06,2975.6
29.07,2976.2
29.07,2976.8
29.08,2977.4
29.08,2978
29.09,2978.6
29.09,2979.2
29.1,2979.8
29.11,2980.4
29.11,2981
29.12,2981.7
29.12,2982.2
29.13,2982.9
29.13,2983.5
29.13,2984.1
29.14,2984.7
29.14,2985.3
29.14,2985.9
29.14,2986.5
29.15,2987.1
29.14,2987.7
29.14,2988.3
29.14,2988.9
29.14,2989.5
29.15,2990.1
29.14,2990.7
29.14,2991.3
29.14,2991.9
29.14,2992.5
29.13,2993.1
29.12,2993.7
29.12,2994.3
29.11,2994.9
29.11,2995.5
29.1,2996.2
29.09,2996.8
29.08,2997.3
29.08,2998
29.07,2998.6
29.07,2999.2
29.07,2999.8
29.06,3000.4
29.06,3001
29.06,3001.6
29.07,3002.2
29.07,3002.8
29.08,3003.4
29.08,3004
29.09,3004.6
29.1,3005.2
29.11,3005.8
29.12,3006.4
29.13,3007
29.13,3007.6
29.14,3008.2
29.14,3008.8
29.14,3009.4
29.14,3010
29.14,3010.6
29.13,3011.2
29.13,3011.8
29.12,3012.5
29.12,3013.1
29.11,3013.7
29.1,3014.3
29.09,3014.9
29.08,3015.5
29.08,3016.1
29.07,3016.7
29.07,3017.3
29.07,3017.9
29.06,3018.5
29.06,3019.1
29.06,3019.7
29.06,3020.3
29.07,3020.9
29.07,3021.5
29.07,3022.1
29.07,3022.7
29.08,3023.3
29.08,3023.9
29.09,3024.5
29.09,3025.1
29.09,3025.8
29.1,3026.3
29.1,3027
29.11,3027.6
29.11,3028.2
29.11,3028.8
29.12,3029.4
29.12,3030
29.13,3030.6
29.13,3031.2
29.13,3031.8
29.13,3032.4
29.13,3033
29.14,3033.6
29.14,3034.2
29.14,3034.8
29.14,3035.4
29.15,3036
29.15,3036.6
29.16,3037.2
29.16,3037.8
29.17,3038.4
29.17,3039
29.17,3039.6
29.18,3040.2
29.18,3040.8
29.18,3041.4
29.19,3042.1
29.19,3042.7
29.2,3043.3
29.19,3043.9
29.2,3044.5
29.2,3045.1
29.2,3045.7
29.2,3046.3
29.2,3046.9
29.2,3047.5
29.2,3048.1
29.21,3048.7
29.21,3049.3
29.21,3049.9
29.21,3050.5
29.22,3051.1
29.22,3051.7
29.22,3052.3
29.23,3052.9
29.23,3053.5
29.23,3054.1
29.24,3054.7
29.24,3055.3
29.24,3055.9
29.25,3056.6
29.25,3057.2
29.25,3057.8
29.25,3058.4
29.25,3059
29.25,3059.6
29.25,3060.2
29.25,3060.8
29.25,3061.4
29.25,3062
29.25,3062.6
29.25,3063.2
29.25,3063.8
29.25,3064.4
29.26,3065
29.26,3065.6
29.26,3066.2
29.26,3066.8
29.27,3067.4
29.27,3068
29.27,3068.6
29.26,3069.2
29.26,3069.8
29.26,3070.4
29.25,3071.1
29.25,3071.7
29.25,3072.3
29.25,3072.9
29.25,3073.5
29.24,3074.1
29.24,3074.7
29.24,3075.3
29.23,3075.9
29.23,3076.5
29.22,3077.1
29.22,3077.7
29.21,3078.3
29.21,3078.9
29.21,3079.5
29.21,3080.1
29.21,3080.7
29.21,3081.3
29.21,3081.9
29.21,3082.5
29.22,3083.1
29.22,3083.7
29.22,3084.3
29.23,3084.9
29.23,3085.6
29.23,3086.2
29.23,3086.8
29.23,3087.4
29.24,3088
29.24,3088.6
29.24,3089.2
29.24,3089.8
29.24,3090.4
29.25,3091
29.25,3091.6
29.26,3092.2
29.26,3092.8
29.27,3093.4
29.27,3094
29.28,3094.6
29.28,3095.2
29.29,3095.8
29.29,3096.4
29.3,3097
29.3,3097.6
29.3,3098.2
29.31,3098.8
29.31,3099.4
29.31,3100.1
29.31,3100.7
29.31,3101.3
29.32,3101.9
29.33,3102.5
29.33,3103.1
29.34,3103.7
29.35,3104.3
29.35,3104.9
29.36,3105.5
29.36,3106.1
29.37,3106.7
29.37,3107.3
29.38,3107.9
29.38,3108.5
29.39,3109.1
29.39,3109.7
29.39,3110.3
29.39,3110.9
29.4,3111.5
29.39,3112.1
29.42,3112.7
29.49,3113.3
29.62,3113.9
29.79,3114.6
30.01,3115.2
30.25,3115.8
30.51,3116.4
30.76,3117
30.97,3117.6
31.12,3118.2
31.22,3118.8
31.28,3119.4
31.31,3120
31.31,3120.6
31.29,3121.2
31.26,3121.8
31.13,3122.4
30.76,3123
30.47,3123.6
30.22,3124.2
29.97,3124.8
29.72,3125.4
29.46,3126
29.34,3126.6
29.24,3127.2
29.16,3127.8
29.12,3128.4
29.11,3129.1
29.21,3129.7
29.25,3130.3
29.3,3130.9
29.24,3131.5
29.37,3132.1
29.39,3132.7
29.39,3133.3
29.39,3133.9
29.4,3134.5
29.39,3135.1
29.38,3135.7
29.35,3136.3
29.17,3136.9
28.86,3137.5
28.58,3138.1
28.32,3138.7
28.17,3139.3
28.06,3139.9
27.92,3140.5
27.78,3141.1
27.78,3141.7
27.79,3142.3
27.8,3142.9
27.82,3143.6
27.84,3144.2
27.86,3144.8
27.88,3145.4
27.89,3146
27.9,3146.6
27.91,3147.2
27.91,3147.8
27.91,3148.4
27.91,3149
27.9,3149.6
27.9,3150.2
27.88,3150.8
27.87,3151.4
27.85,3152
27.83,3152.6
27.81,3153.2
27.79,3153.8
27.77,3154.4
27.74,3155
27.72,3155.6
27.69,3156.2
27.66,3156.8
27.63,3157.4
27.6,3158.1
27.57,3158.7
27.54,3159.2
27.51,3159.9
27.47,3160.5
27.44,3161.1
27.41,3161.7
27.37,3162.3
27.34,3162.9
27.3,3163.5
27.26,3164.1
27.22,3164.7
27.18,3165.3
27.14,3165.9
27.1,3166.5
27.05,3167.1
27.01,3167.7
26.97,3168.3
26.93,3168.9
26.89,3169.5
26.85,3170.1
26.81,3170.7
26.78,3171.3
26.74,3171.9
26.71,3172.5
26.67,3173.2
26.64,3173.8
26.6,3174.3
26.57,3175
26.53,3175.6
26.49,3176.2
26.46,3176.8
26.42,3177.4
26.39,3178
26.35,3178.6
26.32,3179.2
26.28,3179.8
26.25,3180.4
26.21,3181
26.18,3181.6
26.15,3182.2
26.11,3182.8
26.08,3183.4
26.05,3184
26.01,3184.6
25.98,3185.2
25.95,3185.8
25.91,3186.4
25.88,3187
25.86,3187.6
25.83,3188.2
25.8,3188.8
25.77,3189.5
25.75,3190.1
25.72,3190.7
25.7,3191.3
25.67,3191.9
25.65,3192.5
25.62,3193.1
25.59,3193.7
25.57,3194.3
25.54,3194.9
25.51,3195.5
25.49,3196.1
25.46,3196.7
25.44,3197.3
25.41,3197.9
25.39,3198.5
25.36,3199.1
25.33,3199.7
25.31,3200.3
25.29,3200.9
25.26,3201.5
25.24,3202.1
25.22,3202.8
25.2,3203.3
25.17,3203.9
25.15,3204.6
25.13,3205.2
25.11,3205.8
25.09,3206.4
25.06,3207
25.04,3207.6
25.02,3208.2
25,3208.8
24.98,3209.4
24.96,3210
24.94,3210.6
24.92,3211.2
24.9,3211.8
24.88,3212.4
24.86,3213
24.84,3213.6
24.82,3214.2
24.8,3214.8
24.78,3215.4
24.76,3216
24.74,3216.6
24.72,3217.2
20.77,3217.8
-66.84,3218.4
-77.36,3219.1
-78.79,3219.7
-79.28,3220.3
-79.37,3220.9
-79.23,3221.5
-79.38,3222.1
-79.37,3222.7
-79.36,3223.3
-79.17,3223.9
-79.17,3224.5
-79.24,3225.1
-79.24,3225.7
-79.31,3226.3
-78.22,3226.9
-75.15,3227.5
-79.4,3228.1
-79.17,3228.7
-79.42,3229.3
-79.41,3229.9
-79.33,3230.5
-79.23,3231.1
-79.3,3231.7
-79.55,3232.3
-79.49,3232.9
-79.49,3233.6
-79.53,3234.2
-79.46,3234.8
-79.63,3235.4
-79.43,3236
-79.62,3236.6
-79.52,3237.2
-79.68,3237.8
-79.65,3238.4
-79.65,3239
-79.68,3239.6
-79.56,3240.2
-79.76,3240.8
-79.68,3241.4
-79.76,3242
-79.88,3242.6
-79.58,3243.2
-79.92,3243.8
-79.77,3244.4
-79.96,3245
-79.92,3245.6
-80.03,3246.2
-79.91,3246.8
-79.74,3247.4
-79.78,3248.1
-79.92,3248.7
-80.09,3249.3
-79.93,3249.9
-79.8,3250.5
-80.07,3251.1
-79.88,3251.7
-79.95,3252.3
-79.97,3252.9
-79.82,3253.5
-79.79,3254.1
-79.63,3254.7
-79.81,3255.3
-79.81,3255.9
-79.64,3256.5
-79.8,3257.1
-79.78,3257.7
-79.93,3258.3
-79.7,3258.9
-79.68,3259.5
-79.72,3260.1
-79.77,3260.7
-79.76,3261.3
-79.58,3261.9
-79.69,3262.6
-79.7,3263.2
-79.65,3263.8
-79.59,3264.4
-79.65,3265
-79.62,3265.6
-79.6,3266.2
-79.73,3266.8
-79.72,3267.4
-79.68,3268
-79.75,3268.6
-79.76,3269.2
-79.68,3269.8
-79.79,3270.4
-79.77,3271
-79.75,3271.6
-79.83,3272.2
-79.99,3272.8
-79.79,3273.4
-79.83,3274
-79.64,3274.6
-79.68,3275.2
-79.78,3275.8
-79.82,3276.4
-79.81,3277
-79.73,3277.7
-79.92,3278.2
-79.83,3278.9
-79.65,3279.5
-79.67,3280.1
-79.98,3280.7
-79.93,3281.3
-79.78,3281.9
-80.05,3282.5
-80.15,3283.1
-80,3283.7
-80.05,3284.3
-80,3284.9
-80.01,3285.5
-80.13,3286.1
-80.02,3286.7
-80.3,3287.3
-80.16,3287.9
-80.14,3288.5
-80.07,3289.1
-80.28,3289.7
-80.12,3290.3
-80.53,3290.9
-80.3,3291.5
-80.21,3292.1
-80.23,3292.8
-80.42,3293.3
-80.34,3294
-80.39,3294.6
-80.42,3295.2
-80.4,3295.8
-80.65,3296.4
-80.52,3297
-80.54,3297.6
-80.53,3298.2
-80.32,3298.8
-80.33,3299.4
-80.62,3300
-80.48,3300.6
-80.4,3301.2
-80.23,3301.8
-80.19,3302.4
-80.5,3303
-80.15,3303.6
-80.23,3304.2
-80.18,3304.8
-80.28,3305.4
-80.28,3306
-80.35,3306.6
-80.06,3307.2
-80.27,3307.8
-80.39,3308.4
-80.15,3309.1
-80.5,3309.7
-80.5,3310.3
-80.3,3310.9
-80.36,3311.5
-80.44,3312.1
-80.59,3312.7
-80.58,3313.3
-80.86,3313.9
-80.4,3314.5
-80.64,3315.1
-80.57,3315.7
-80.74,3316.3
-80.59,3316.9
-80.56,3317.5
-80.4,3318.1
-80.5,3318.7
-80.49,3319.3
-80.66,3319.9
-80.85,3320.5
-80.76,3321.1
-80.56,3321.8
-80.81,3322.3
-80.52,3322.9
-80.57,3323.6
-80.75,3324.2
-80.72,3324.8
-80.85,3325.4
-80.76,3326
-80.86,3326.6
-80.78,3327.2
-80.73,3327.8
-80.89,3328.4
-80.95,3329
-81.03,3329.6
-81.07,3330.2
-80.91,3330.8
-80.78,3331.4
-80.68,3332
-81.08,3332.6
-81.01,3333.2
-80.91,3333.8
-81.03,3334.4
-81.09,3335
-81.08,3335.6
-80.93,3336.2
-81.11,3336.8
-81.08,3337.4
-80.9,3338.1
-81.06,3338.7
-80.83,3339.3
-81.23,3339.9
-81.13,3340.5
-80.85,3341.1
-80.89,3341.7
-81.03,3342.3
-81.11,3342.9
-80.99,3343.5
-80.89,3344.1
-81.01,3344.7
-81.01,3345.3
-80.98,3345.9
-81.03,3346.5
-81.18,3347.1
-81.01,3347.7
-81.18,3348.3
-81.08,3348.9
-80.91,3349.5
-81.06,3350.1
-81.15,3350.7
-81.15,3351.3
-81.23,3351.9
-80.94,3352.6
-81.36,3353.2
-81.05,3353.8
-81.12,3354.4
-81.09,3355
-81.06,3355.6
-81.08,3356.2
-81.15,3356.8
-81.31,3357.4
-80.95,3358
-81.07,3358.6
-81.16,3359.2
-80.99,3359.8
-81.1,3360.4
-81.1,3361
-81.23,3361.6
-80.91,3362.2
-81.04,3362.8
-81.35,3363.4
-81.11,3364
-80.98,3364.6
-81.27,3365.2
-81.33,3365.8
-81.46,3366.4
-81.46,3367.1
-81.06,3367.7
-81.03,3368.3
-80.83,3368.9
-81.17,3369.5
-81.17,3370.1
-81.22,3370.7
-81.22,3371.3
-81.27,3371.9
-81.06,3372.5
-81.1,3373.1
-80.99,3373.7
-81.06,3374.3
-81.18,3374.9
-80.98,3375.5
-81.03,3376.1
-80.91,3376.7
-81.04,3377.3
-81.09,3377.9
-81.11,3378.5
-81.06,3379.1
-80.86,3379.7
-81.08,3380.3
-80.97,3380.9
-80.98,3381.5
-81.06,3382.2
-81.34,3382.8
-81.23,3383.4
-81.18,3384
-80.82,3384.6
-81.13,3385.2
-80.98,3385.8
-81.32,3386.4
-81.56,3387
-80.39,3387.6
-81.1,3388.2
-80.98,3388.8
-80.2,3389.4
-81.41,3390
-81.44,3390.6
-80.59,3391.2
-81,3391.8
-81.01,3392.4
-80.8,3393
-81.41,3393.6
-80.37,3394.2
-80.81,3394.8
-81.48,3395.4
-80.44,3396
-80.46,3396.7
-80.88,3397.2
-81.21,3397.8
-81.2,3398.5
-81.54,3399.1
-81.18,3399.7
-81,3400.3
-81.11,3400.9
-81.26,3401.5
-81.01,3402.1
-81.31,3402.7
-81.17,3403.3
-81.25,3403.9
-81.35,3404.5
-81.33,3405.1
-81.13,3405.7
-81.38,3406.3
-81.16,3406.9
-81.08,3407.5
-81.36,3408.1
-81.48,3408.7
-81.16,3409.3
-81.65,3409.9
-81.26,3410.5
-81.2,3411.1
-81.43,3411.8
-81.31,3412.3
-81.46,3413
-81.39,3413.6
-81.37,3414.2
-81.46,3414.8
-81.48,3415.4
-81.16,3416
-81.26,3416.6
-81.28,3417.2
-81.45,3417.8
-81.26,3418.4
-81.9,3419
-81.1,3419.6
-81.54,3420.2
-81.73,3420.8
-81.92,3421.4
-81.16,3422
-81.23,3422.6
-81.24,3423.2
-81.31,3423.8
-81.32,3424.4
-80.94,3425
-81.62,3425.6
-81.49,3426.2
-81.14,3426.8
-81.14,3427.4
-81.74,3428.1
-81.84,3428.7
-81.7,3429.3
-81.24,3429.9
-81.43,3430.5
-81.58,3431.1
-81.57,3431.7
-81.2,3432.3
-81.39,3432.9
-81.45,3433.5
-81.36,3434.1
-81.49,3434.7
-81.4,3435.3
-81.65,3435.9
-81.02,3436.5
-81.32,3437.1
-81.57,3437.7
-81.49,3438.3
-80.85,3438.9
-81.79,3439.5
-81.86,3440.1
-81.55,3440.7
-81.41,3441.3
-81.63,3441.9
-81.31,3442.6
-81.58,3443.2
-81.38,3443.8
-81.5,3444.4
-81.34,3445
-81.87,3445.6
-81.64,3446.2
-81.43,3446.8
-81.66,3447.4
-81.13,3448
-81.57,3448.6
-81.73,3449.2
-81.56,3449.8
-81.28,3450.4
-81.25,3451
-81.44,3451.6
-81.29,3452.2
-81.48,3452.8
-81.69,3453.4
-81.32,3454
-81.42,3454.6
-81.05,3455.2
-81.17,3455.8
-81.72,3456.4
-81.49,3457.1
-81.26,3457.7
-81.27,3458.3
-81.69,3458.9
-80.98,3459.5
-81.32,3460.1
-82.12,3460.7
-81.24,3461.3
-82.09,3461.9
-81.33,3462.5
-81.81,3463.1
-81.85,3463.7
-81.12,3464.3
-80.96,3464.9
-81.78,3465.5
-81.32,3466.1
-81.61,3466.7
-81.43,3467.3
-81.59,3467.9
-81.33,3468.5
-81.78,3469.1
-80.57,3469.7
-80.49,3470.3
-81.52,3470.9
-81.03,3471.6
-81.32,3472.2
-81.01,3472.8
-81.48,3473.4
-81.42,3474
-81.51,3474.6
-81.34,3475.2
-81.29,3475.8
-81.46,3476.4
-81.42,3477
-81.39,3477.6
-81.24,3478.2
-81.35,3478.8
-81.47,3479.4
-81.46,3480
-81.4,3480.6
-81.67,3481.2
-81.42,3481.8
-81.28,3482.4
-81.13,3483
-81.29,3483.6
-81.37,3484.2
-81.34,3484.8
-81.25,3485.4
-81.41,3486.1
-81.44,3486.7
-81.4,3487.2
-81.23,3487.9
-81.42,3488.5
-80.88,3489.1
-81.42,3489.7
-81.29,3490.3
-81.37,3490.9
-81.26,3491.5
-81.29,3492.1
-81.22,3492.7
-81.32,3493.3
-81.29,3493.9
-81.2,3494.5
-81.28,3495.1
-81.2,3495.7
-81.54,3496.3
-81.46,3496.9
-81.33,3497.5
-80.79,3498.1
-81.1,3498.7
-81.46,3499.3
-81.12,3499.9
-80.8,3500.5
-81.51,3501.2
-81.21,3501.8
-81.28,3502.3
-81.21,3503
-81.49,3503.6
-81.17,3504.2
-81.23,3504.8
-81.23,3505.4
-81.13,3506
-81.16,3506.6
-81.04,3507.2
-81.13,3507.8
-81.41,3508.4
-80.89,3509
-81.08,3509.6
-81.06,3510.2
-81.64,3510.8
-81.18,3511.4
-81.06,3512
-80.95,3512.6
-81.27,3513.2
-81.03,3513.8
-81.06,3514.4
-81.08,3515
-81.24,3515.6
-80.96,3516.2
-81.26,3516.8
-81.21,3517.5
-81.01,3518.1
-81.07,3518.7
-81.08,3519.3
-81.25,3519.9
-81.15,3520.5
-80.71,3521.1
-81.01,3521.7
-81.02,3522.3
-81.05,3522.9
-80.85,3523.5
-80.91,3524.1
-80.87,3524.7
-80.56,3525.3
-80.68,3525.9
-80.73,3526.5
-80.93,3527.1
-80.92,3527.7
-80.85,3528.3
-80.46,3528.9
-80.73,3529.5
-80.63,3530.1
-80.96,3530.8
-80.79,3531.3
-80.77,3531.9
-80.63,3532.6
-80.82,3533.2
-80.69,3533.8
-80.75,3534.4
-80.7,3535
-80.55,3535.6
-80.7,3536.2
-80.58,3536.8
-80.58,3537.4
-80.63,3538
-80.46,3538.6
-80.66,3539.2
-80.46,3539.8
-80.48,3540.4
-80.67,3541
-80.48,3541.6
-80.5,3542.2
-80.37,3542.8
-80.39,3543.4
-80.36,3544
-80.66,3544.6
-80.58,3545.2
-80.63,3545.8
-80.66,3546.4
-80.73,3547.1
-80.86,3547.7
-80.65,3548.3
-80.8,3548.9
-80.8,3549.5
-80.64,3550.1
-80.85,3550.7
-80.85,3551.3
-80.74,3551.9
-80.85,3552.5
-81.06,3553.1
-80.64,3553.7
-80.98,3554.3
-80.91,3554.9
-81.02,3555.5
-80.71,3556.1
-80.87,3556.7
-81.02,3557.3
-81,3557.9
-81.02,3558.5
-80.86,3559.1
-81.03,3559.7
-81,3560.3
-81.08,3560.9
-81.02,3561.6
-80.92,3562.2
-80.99,3562.8
-81.18,3563.4
-81.07,3564
-80.95,3564.6
-81.27,3565.2
-81.26,3565.8
-81.23,3566.4
-81.09,3567
-80.86,3567.6
-80.89,3568.2
-81.01,3568.8
-80.86,3569.4
-80.96,3570
-80.95,3570.6
-81.08,3571.2
-80.76,3571.8
-80.91,3572.4
-80.82,3573
-80.96,3573.6
-80.81,3574.2
-80.58,3574.8
-80.99,3575.4
-80.84,3576.1
-80.77,3576.7
-80.2,3577.3
-81.08,3577.9
-81.04,3578.5
-80.89,3579.1
-80.34,3579.7
-80.96,3580.3
-81.32,3580.9
-80.84,3581.5
-80.39,3582.1
-80.86,3582.7
-81.04,3583.3
-81.36,3583.9
-80.66,3584.5
-80.79,3585.1
-80.82,3585.7
-80.45,3586.3
-80.75,3586.9
-80.86,3587.5
-81.09,3588.1
-80.96,3588.7
-80.89,3589.3
-80.96,3589.9
-81.13,3590.6
-81.01,3591.2
-80.77,3591.8
-80.73,3592.4
-80.87,3593
-81.13,3593.6
-80.57,3594.2
-80.85,3594.8
-80.62,3595.4
-80.96,3596
-80.92,3596.6
-80.76,3597.2
-80.85,3597.8
-81.07,3598.4
-80.94,3599
-81.09,3599.6
-81.28,3600.2
-81.03,3600.8
-80.87,3601.4
-80.78,3602
-81.22,3602.6
-81.03,3603.2
-81.26,3603.8
-81.35,3604.4
-80.97,3605
-80.91,3605.7
-80.73,3606.2
-81.17,3606.9
-80.86,3607.5
-80.9,3608.1
-80.81,3608.7
-80.87,3609.3
-80.86,3609.9
-80.91,3610.5
-80.89,3611.1
-80.73,3611.7
-80.83,3612.3
-80.97,3612.9
-81.08,3613.5
-81.26,3614.1
-81.03,3614.7
-81.01,3615.3
-80.86,3615.9
-80.94,3616.5
-81.05,3617.1
-80.96,3617.7
-81.08,3618.3
-80.86,3618.9
-81.04,3619.5
-80.76,3620.1
-80.93,3620.8
-81.08,3621.3
-81.11,3622
-80.91,3622.6
-80.96,3623.2
-81.1,3623.8
-81.02,3624.4
-80.9,3625
-80.57,3625.6
-81.1,3626.2
-80.91,3626.8
-80.93,3627.4
-81.03,3628
-81.25,3628.6
-81.13,3629.2
-81.07,3629.8
-81.08,3630.4
-81,3631
-81.17,3631.6
-81.01,3632.2
-81.32,3632.8
-81.18,3633.4
-81.27,3634
-81.24,3634.6
-80.82,3635.2
-81.1,3635.8
-81.4,3636.4
-80.98,3637.1
-81.19,3637.7
-81.09,3638.3
-81.3,3638.9
-81.17,3639.5
-80.8,3640.1
-81.26,3640.7
-81.22,3641.3
-81.63,3641.9
-81.25,3642.5
-81.25,3643.1
-81.16,3643.7
-81.06,3644.3
-80.91,3644.9
-81.13,3645.5
-80.66,3646.1
-80.73,3646.7
-81.04,3647.3
-80.91,3647.9
-81.22,3648.5
-81.08,3649.1
-80.61,3649.7
-80.97,3650.3
-81.16,3650.9
-81.06,3651.6
-81.05,3652.2
-81.3,3652.8
-81.04,3653.4
-81.03,3654
-81.23,3654.6
-81.18,3655.2
-81.17,3655.8
-81.1,3656.4
-80.96,3657
-81.1,3657.6
-81.49,3658.2
-81.69,3658.8
-81.54,3659.4
-81.27,3660
-81.42,3660.6
-81.35,3661.2
-80.91,3661.8
-81.15,3662.4
-81.32,3663
-81.42,3663.6
-81.17,3664.2
-81.33,3664.8
-81.49,3665.4
-81.32,3666.1
-81.36,3666.7
-81.16,3667.3
-81.36,3667.9
-81.27,3668.5
-81.28,3669.1
-81.24,3669.7
-81.48,3670.3
-81.28,3670.9
-81.54,3671.5
-81.22,3672.1
-81.32,3672.7
-81.46,3673.3
-81.42,3673.9
-81.42,3674.5
-81.48,3675.1
-81.36,3675.7
-81.24,3676.3
-81.38,3676.9
-81.56,3677.5
-81.34,3678.1
-81.31,3678.7
-81.7,3679.3
-81.45,3679.9
-81.67,3680.6
-81.49,3681.2
-81.58,3681.8
-81.52,3682.4
-81.46,3683
-81.67,3683.6
-81.74,3684.2
-81.66,3684.8
-81.67,3685.4
-81.54,3686
-81.57,3686.6
-81.58,3687.2
-81.86,3687.8
-81.73,3688.4
-81.7,3689
-81.48,3689.6
-81.74,3690.2
-81.89,3690.8
-81.81,3691.4
-81.6,3692
-81.95,3692.6
-81.73,3693.2
-81.78,3693.8
-81.74,3694.4
-81.92,3695.1
-81.82,3695.7
-81.81,3696.3
-81.9,3696.9
-81.83,3697.5
-81.82,3698.1
-81.5,3698.7
-81.85,3699.3
-81.71,3699.9
-81.95,3700.5
-81.83,3701.1
-82.04,3701.7
-82.11,3702.3
-81.65,3702.9
-81.73,3703.5
-81.9,3704.1
-81.63,3704.7
-82.16,3705.3
-81.32,3705.9
-82.09,3706.5
-81.95,3707.1
-81.92,3707.7
-81.55,3708.3
-81.59,3708.9
-81.8,3709.5
-81.96,3710.2
-81.76,3710.8
-82.18,3711.4
-81.98,3712
-81.82,3712.6
-81.74,3713.2
-81.55,3713.8
-81.94,3714.4
-81.68,3715
-82.07,3715.6
-82,3716.2
-82.13,3716.8
-81.99,3717.4
-81.8,3718
-82.13,3718.6
-82.05,3719.2
-82.05,3719.8
-82.08,3720.4
-82.15,3721
-81.9,3721.6
-82.11,3722.2
-82.24,3722.8
-82.11,3723.4
-81.95,3724
-82.18,3724.6
-82.03,3725.2
-81.89,3725.8
-82.36,3726.5
-82.18,3727.1
-82.07,3727.7
-82.03,3728.3
-81.92,3728.9
-82.11,3729.5
-81.88,3730.1
-82.07,3730.7
-81.98,3731.3
-82.17,3731.9
-82.14,3732.5
-82.25,3733.1
-82.07,3733.7
-82.07,3734.3
-82.11,3734.9
-82.31,3735.5
-82.34,3736.1
-82.22,3736.7
-82.29,3737.3
-82.42,3737.9
-82.28,3738.5
-82.24,3739.1
-82.17,3739.8
-82.2,3740.3
-82.01,3740.9
-82.22,3741.6
-81.96,3742.2
-82.46,3742.8
-82.09,3743.4
-82.23,3744
-81.88,3744.6
-82.05,3745.2
-81.9,3745.8
-81.95,3746.4
-82.16,3747
-82.13,3747.6
-82.21,3748.2
-82.2,3748.8
-81.98,3749.4
-82.21,3750
-82.28,3750.6
-81.92,3751.2
-82.09,3751.8
-82.2,3752.4
-81.9,3753
-81.84,3753.6
-82.08,3754.2
-82.32,3754.8
-82.43,3755.4
-81.95,3756.1
-82.21,3756.7
-82.12,3757.3
-82.11,3757.9
-82.09,3758.5
-82.13,3759.1
-82.08,3759.7
-82.04,3760.3
-82.04,3760.9
-82.18,3761.5
-81.92,3762.1
-81.98,3762.7
-81.9,3763.3
-82.16,3763.9
-82.03,3764.5
-82.32,3765.1
-82.26,3765.7
-82.42,3766.3
-82.06,3766.9
-82.11,3767.5
-82.14,3768.1
-82.03,3768.7
-82.1,3769.3
-82.39,3769.9
-82.08,3770.6
-82.01,3771.2
-82.1,3771.8
-81.9,3772.4
-82.11,3773
-82.15,3773.6
-82.06,3774.2
-82.03,3774.8
-82.19,3775.4
-82.1,3776
-82.18,3776.6
-81.99,3777.2
-82.31,3777.8
-82.19,3778.4
-82.28,3779
-82.33,3779.6
-82.3,3780.2
-82.11,3780.8
-82.19,3781.4
-82.1,3782
-82.25,3782.6
-82.04,3783.2
-82.47,3783.8
-82.26,3784.4
-82.26,3785.1
-82.29,3785.7
-82.31,3786.3
-82.3,3786.9
-82.49,3787.5
-82.38,3788.1
-82.58,3788.7
-82.23,3789.3
-82.24,3789.9
-82.46,3790.5
-82.24,3791.1
-82.2,3791.7
-82.33,3792.3
-82.41,3792.9
-82.42,3793.5
-82.28,3794.1
-82.16,3794.7
-82.45,3795.3
-82.35,3795.9
-82.51,3796.5
-82.2,3797.1
-82.21,3797.7
-82.5,3798.3
-82.2,3798.9
-82.28,3799.6
-82.15,3800.2
-82.41,3800.8
-82.62,3801.4
-82.38,3802
-82.44,3802.6
-82.48,3803.2
-82.42,3803.8
-82.36,3804.4
-82.28,3805
-82.18,3805.6
-82.31,3806.2
-82.24,3806.8
-82.26,3807.4
-82.54,3808
-82.27,3808.6
-82.46,3809.2
-82.39,3809.8
-82.42,3810.4
-82.23,3811
-82.38,3811.6
-81.97,3812.2
-81.96,3812.8
-82.11,3813.4
-82.35,3814
-82.21,3814.7
-81.65,3815.2
-82,3815.9
-81.84,3816.5
-81.59,3817.1
-81.74,3817.7
-81.64,3818.3
-81.79,3818.9
-81.52,3819.5
-81.69,3820.1
-81.75,3820.7
-81.81,3821.3
-81.54,3821.9
-81.9,3822.5
-81.64,3823.1
-81.84,3823.7
-81.94,3824.3
-81.81,3824.9
-81.78,3825.5
-82.08,3826.1
-81.93,3826.7
-81.9,3827.3
-81.86,3827.9
-81.59,3828.5
-82.03,3829.2
-81.99,3829.8
-82.41,3830.4
-82.05,3831
-82.24,3831.6
-82.38,3832.2
-82.09,3832.8
-81.84,3833.4
-81.9,3834
-81.92,3834.6
-82.4,3835.2
-81.9,3835.8
-82.18,3836.4
-81.99,3837
-82.08,3837.6
-82,3838.2
-81.82,3838.8
-81.74,3839.4
-82.03,3840
-81.82,3840.6
-81.78,3841.2
-81.72,3841.8
-81.86,3842.4
-81.98,3843.1
-81.99,3843.7
-82.02,3844.3
-81.57,3844.9
-81.87,3845.5
-82.11,3846.1
-81.74,3846.7
-81.97,3847.3
-82,3847.9
-81.92,3848.5
-81.84,3849.1
-81.76,3849.7
-81.99,3850.3
-82,3850.9
-82.67,3851.5
-83.19,3852.1
-82.6,3852.7
-81.86,3853.3
-81.71,3853.9
-81.84,3854.5
-81.93,3855.1
-81.67,3855.8
-82.02,3856.3
-81.81,3857
-81.74,3857.6
-81.95,3858.2
-81.97,3858.8
-81.83,3859.4
-81.97,3860
-81.78,3860.6
-81.92,3861.2
-82.05,3861.8
-82.11,3862.4
-81.92,3863
-82.02,3863.6
-82.42,3864.2
-82.03,3864.8
-82.27,3865.4
-82.46,3866
-82.06,3866.6
-81.98,3867.2
-82.04,3867.8
-82.11,3868.4
-82.33,3869.1
-82.09,3869.7
-82.44,3870.3
-82.34,3870.9
-82.34,3871.5
-82.12,3872.1
-82.51,3872.7
-83.01,3873.3
-82.59,3873.9
-82.61,3874.5
-82.75,3875.1
-82.89,3875.7
-82.81,3876.3
-82.59,3876.9
-82.92,3877.5
-82.7,3878.1
-83.06,3878.7
-82.89,3879.3
-83.02,3879.9
-82.88,3880.5
-83.02,3881.1
-82.3,3881.7
-82.56,3882.3
-82.46,3882.9
-82.22,3883.6
-82.2,3884.2
-82.48,3884.8
-82.79,3885.4
-82.64,3886
-82.61,3886.6
-82.67,3887.2
-82.55,3887.8
-82.87,3888.4
-82.81,3889
-83.15,3889.6
-83.04,3890.2
-83.08,3890.8
-82.91,3891.4
-82.8,3892
-83.15,3892.6
-83.23,3893.2
-83,3893.8
-82.99,3894.4
-82.88,3895
-83.06,3895.7
-82.8,3896.2
-83.17,3896.8
-83.14,3897.5
-83.47,3898.1
-83.17,3898.7
-83.04,3899.3
-83.21,3899.9
-83.44,3900.5
-83.39,3901.1
-83.64,3901.7
-83.43,3902.3
-83.34,3902.9
-83.19,3903.5
-83.27,3904.1
-83.38,3904.7
-83.44,3905.3
-83.26,3905.9
-83.12,3906.5
-83.13,3907.1
-83.51,3907.7
-83.19,3908.3
-83.41,3908.9
-83.26,3909.6
-83.51,3910.2
-83.28,3910.8
-83.65,3911.4
-83.32,3912
-83.39,3912.6
-83.31,3913.2
-83.34,3913.8
-83.03,3914.4
-83.4,3915
-83.37,3915.6
-83.68,3916.2
-83.31,3916.8
-83.37,3917.4
-83.41,3918
-83.58,3918.6
-83.6,3919.2
-83.5,3919.8
-83.29,3920.4
-83.5,3921
-83.64,3921.6
-83.24,3922.2
-83.48,3922.8
-83.47,3923.4
-83.27,3924.1
-83.25,3924.7
-83.54,3925.3
-83.26,3925.9
-83.19,3926.5
-83.25,3927.1
-83.51,3927.7
-83.55,3928.3
-83.69,3928.9
-82.58,3929.5
-82.13,3930.1
-82.19,3930.7
-82.21,3931.3
-82.42,3931.9
-81.94,3932.5
-82.29,3933.1
-82.42,3933.7
-82.22,3934.3
-82.5,3934.9
-82.29,3935.5
-82.18,3936.2
-82.4,3936.8
-82.36,3937.4
-82.44,3938
-82.73,3938.6
-82.39,3939.2
-82.05,3939.8
-82.22,3940.4
-82.1,3941
-82.27,3941.6
-82.19,3942.2
-82.23,3942.8
-82.3,3943.4
-82.23,3944
-82.27,3944.6
-82.46,3945.2
-82.29,3945.8
-82.27,3946.4
-82.48,3947
-82.22,3947.6
-82.46,3948.2
-81.84,3948.8
-82.2,3949.4
-82.18,3950.1
-82.26,3950.7
-82.22,3951.3
-82.48,3951.9
-82.2,3952.5
-82.47,3953.1
-82.18,3953.7
-82.03,3954.3
-82.18,3954.9
-82.01,3955.5
-82.07,3956.1
-82.09,3956.7
-82.05,3957.3
-82.15,3957.9
-82.12,3958.5
-82.04,3959.1
-82.25,3959.7
-82.04,3960.3
-82.04,3960.9
-82.04,3961.5
-82.19,3962.1
-81.94,3962.8
-82.27,3963.3
-81.96,3964
-81.7,3964.6
-82.17,3965.2
-82.31,3965.8
-82.05,3966.4
-82.06,3967
-82.07,3967.6
-82.21,3968.2
-82.15,3968.8
-82.19,3969.4
-81.98,3970
-82.27,3970.6
-82.07,3971.2
-82.28,3971.8
-82.16,3972.4
-82.15,3973
-81.94,3973.6
-81.86,3974.2
-82.02,3974.8
-82.12,3975.4
-82.07,3976.1
-82.18,3976.7
-82.17,3977.2
-81.83,3977.9
-82.18,3978.5
-82.15,3979.1
-82.07,3979.7
-82.18,3980.3
-82.3,3980.9
-82,3981.5
-82.31,3982.1
-82.15,3982.7
-82.44,3983.3
-82.31,3983.9
-82.22,3984.5
-82.32,3985.1
-82.41,3985.7
-82.34,3986.3
-82.2,3986.9
-82.07,3987.5
-82.24,3988.1
-82.35,3988.7
-82.26,3989.3
-82.14,3989.9
-82.46,3990.6
-82.28,3991.2
-82.3,3991.8
-82.17,3992.4
-82.19,3993
-82.31,3993.6
-82.18,3994.2
-82.33,3994.8
-82.09,3995.4
-82.14,3996
-81.84,3996.6
-82.04,3997.2
-82,3997.8
-82.06,3998.4
-82.2,3999
-82.31,3999.6
-82.38,4000.2
-82.33,4000.8
-81.87,4001.4
-81.9,4002
-82.04,4002.7
-82.07,4003.2
-82.23,4003.8
-82.01,4004.5
-82.31,4005.1
-82.54,4005.7
-82.32,4006.3
-82.15,4006.9
-82.19,4007.5
-82.3,4008.1
-82.18,4008.7
-82.22,4009.3
-82.08,4009.9
-82.27,4010.5
-82.27,4011.1
-82.34,4011.7
-82.45,4012.3
-82.28,4012.9
-81.92,4013.5
-82.33,4014.1
-82.07,4014.7
-82.03,4015.3
-82.07,4015.9
-82.18,4016.6
-82.42,4017.2
-82.48,4017.8
-82.16,4018.4
-82.33,4019
-82.45,4019.6
-82.29,4020.2
-82.68,4020.8
-82.36,4021.4
-82.24,4022
-82.36,4022.6
-82.25,4023.2
-82.34,4023.8
-82.22,4024.4
-82.18,4025
-82.3,4025.6
-82.51,4026.2
-82.13,4026.8
-82.13,4027.4
-82.45,4028
-82.27,4028.6
-82.46,4029.2
-82.16,4029.8
-82.32,4030.4
-82.57,4031.1
-82.31,4031.7
-82.18,4032.3
-82.24,4032.9
-82.18,4033.5
-82.31,4034.1
-82.36,4034.7
-82.5,4035.3
-82.25,4035.9
-82.62,4036.5
-82.32,4037.1
-82.52,4037.7
-82.36,4038.3
-82.07,4038.9
-82.01,4039.5
-82.4,4040.1
-82.27,4040.7
-82.52,4041.3
-82.34,4041.9
-82.28,4042.5
-82.15,4043.2
-82.31,4043.8
-82.62,4044.4
-82.42,4045
-82.55,4045.6
-82.44,4046.2
-82.4,4046.8
-82.28,4047.4
-82.42,4048
-82.36,4048.6
-82.46,4049.2
-82.35,4049.8
-82.34,4050.4
-82.26,4051
-82.28,4051.6
-82.33,4052.2
-82.31,4052.8
-82.67,4053.4
-82.61,4054
-82.46,4054.6
-82.66,4055.2
-82.6,4055.8
-82.42,4056.4
-82.48,4057.1
-82.18,4057.7
-82.35,4058.3
-82.41,4058.9
-82.27,4059.5
-82.14,4060.1
-82.03,4060.7
-82.06,4061.3
-82.31,4061.9
-82.48,4062.5
-82.09,4063.1
-82.11,4063.7
-82.01,4064.3
-82.04,4064.9
-82.13,4065.5
-82.38,4066.1
-82.19,4066.7
-82.31,4067.3
-82.24,4067.9
-82.24,4068.5
-82.22,4069.1
-81.98,4069.8
-82.19,4070.3
-81.99,4071
-81.99,4071.6
-81.87,4072.2
-82.28,4072.8
-81.87,4073.4
-82.22,4074
-82.36,4074.6
-82.25,4075.2
-81.92,4075.8
-82.29,4076.4
-82.46,4077
-82.03,4077.6
-82.08,4078.2
-82.09,4078.8
-82.69,4079.4
-82.39,4080
-83.02,4080.6
-82.61,4081.2
-83.94,4081.8
-83.44,4082.4
-83.26,4083.1
-82.86,4083.7
-82.86,4084.3
-83.3,4084.9
-83.6,4085.5
-83.05,4086.1
-82.81,4086.7
-83.14,4087.3
-82.87,4087.9
-83.12,4088.5
-83.12,4089.1
-83.03,4089.7
-83.21,4090.3
-83.32,4090.9
-83.23,4091.5
-83.29,4092.1
-83.35,4092.7
-83.19,4093.3
-83.29,4093.9
-83.17,4094.5
-83.13,4095.1
-83.19,4095.7
-83.33,4096.4
-83.07,4096.9
-83.6,4097.6
-83.24,4098.2
-83.16,4098.8
-83.23,4099.4
-83.32,4100
-83.08,4100.6
-83.1,4101.2
-83.13,4101.8
-82.91,4102.4
-83.01,4103
-82.92,4103.6
-83.13,4104.2
-83.08,4104.8
-83.08,4105.4
-83.2,4106
-83.19,4106.6
-83.08,4107.2
-83.15,4107.8
-83.41,4108.4
-83.32,4109
-83.14,4109.6
-83.13,4110.2
-82.75,4110.9
-83.11,4111.5
-83.26,4112.1
-83.51,4112.7
-83.55,4113.3
-83.65,4113.9
-83.7,4114.5
-83.49,4115.1
-83.69,4115.7
-83.6,4116.3
-83.41,4116.9
-83.35,4117.5
-83.72,4118.1
-83.37,4118.7
-83.58,4119.3
-83.63,4119.9
-83.49,4120.5
-83.49,4121.1
-83.99,4121.7
-84.33,4122.3
-83.99,4122.9
-84.02,4123.6
-84.58,4124.1
-84.33,4124.8
-84.58,4125.4
-84.67,4126
-83.94,4126.6
-83.46,4127.2
-83.25,4127.8
-83.19,4128.4
-83.57,4129
-83.53,4129.6
-83.65,4130.2
-83.89,4130.8
-83.71,4131.4
-83.91,4132
-83.78,4132.6
-83.44,4133.2
-83.02,4133.8
-83.01,4134.4
-83.06,4135
-82.88,4135.6
-82.97,4136.2
-82.77,4136.9
-82.07,4137.4
-81.98,4138.1
-82.28,4138.7
-82.09,4139.3
-82.45,4139.9
-82.16,4140.5
-82.2,4141.1
-82.58,4141.7
-82.44,4142.3
-82.62,4142.9
-82.35,4143.5
-82.36,4144.1
-82.14,4144.7
-82.36,4145.3
-82.38,4145.9
-82.34,4146.5
-82.55,4147.1
-82.25,4147.7
-82.32,4148.3
-82.19,4148.9
-82.06,4149.5
-82.18,4150.1
-82.26,4150.7
-82.26,4151.4
-81.75,4151.9
-81.62,4152.6
-81.56,4153.2
-81.5,4153.8
-81.66,4154.4
-81.5,4155
-81.76,4155.6
-80.94,4156.2
-78.39,4156.8
-77.83,4157.4
-79.31,4158
-80.34,4158.6
-80.42,4159.2
-78.81,4159.8
-72.43,4160.4
-69.36,4161
-79.23,4161.6
-78.15,4162.2
-69.7,4162.8
-63.38,4163.4
-60.7,4164
-58.66,4164.6
-57.01,4165.2
-57.31,4165.8
-56.25,4166.4
-61.78,4167.1
-63.15,4167.7
7.2,4168.3
22.46,4168.9
22.46,4169.5
22.47,4170.1
22.53,4170.7
22.68,4171.3
22.8,4171.9
22.88,4172.5
22.9,4173.1
22.9,4173.7
22.87,4174.3
22.8,4174.9
22.77,4175.5
22.75,4176.1
22.71,4176.7
22.66,4177.3
22.63,4177.9
22.59,4178.5
22.55,4179.1
22.53,4179.7
22.5,4180.3
22.48,4180.9
22.46,4181.6
22.45,4182.1
22.43,4182.8
22.42,4183.4
22.4,4184
22.39,4184.6
22.38,4185.2
22.37,4185.8
22.36,4186.4
22.35,4187
22.34,4187.6
22.34,4188.2
22.33,4188.8
22.32,4189.4
22.32,4190
22.31,4190.6
22.3,4191.2
22.3,4191.8
22.3,4192.4
22.29,4193
22.29,4193.6
22.28,4194.2
22.28,4194.8
22.28,4195.4
22.28,4196.1
22.27,4196.7
22.27,4197.3
22.27,4197.9
22.26,4198.5
22.32,4199.1
22.48,4199.7
22.77,4200.3
23.11,4200.9
23.42,4201.5
23.68,4202.1
23.94,4202.7
24.22,4203.3
24.53,4203.9
24.9,4204.5
25.29,4205.1
25.68,4205.7
26.05,4206.3
26.37,4206.9
26.63,4207.6
26.86,4208.1
27.15,4208.8
27.49,4209.4
27.83,4210
28.13,4210.6
28.35,4211.2
28.52,4211.8
28.64,4212.4
28.7,4213
28.73,4213.6
28.72,4214.2
28.68,4214.8
28.62,4215.4
28.54,4216
28.45,4216.6
28.36,4217.2
28.26,4217.8
28.15,4218.4
28.05,4219
27.94,4219.6
27.83,4220.2
27.72,4220.9
27.61,4221.4
27.5,4222.1
27.4,4222.7
27.3,4223.3
27.2,4223.9
27.1,4224.5
27.01,4225.1
26.91,4225.7
26.82,4226.3
26.73,4226.9
26.63,4227.5
26.55,4228.1
26.47,4228.7
26.39,4229.3
26.31,4229.9
26.23,4230.5
26.16,4231.1
26.09,4231.7
26.02,4232.3
25.96,4232.9
25.9,4233.5
25.84,4234.1
25.78,4234.8
25.73,4235.4
25.68,4236
25.63,4236.6
25.58,4237.2
25.54,4237.8
25.49,4238.4
25.45,4239
25.4,4239.6
25.37,4240.2
25.33,4240.8
25.29,4241.4
25.25,4242
25.21,4242.6
25.18,4243.2
25.14,4243.8
25.1,4244.4
25.07,4245
25.05,4245.6
25.03,4246.2
25.07,4246.9
25.18,4247.4
25.3,4248.1
25.42,4248.7
25.51,4249.3
25.65,4249.9
25.83,4250.5
26.01,4251.1
26.16,4251.7
26.28,4252.3
26.43,4252.9
26.62,4253.5
26.79,4254.1
26.93,4254.7
27.05,4255.3
27.21,4255.9
27.43,4256.5
27.65,4257.1
27.84,4257.7
28,4258.3
28.19,4258.9
28.45,4259.6
28.69,4260.1
28.89,4260.8
29.05,4261.4
29.24,4262
29.49,4262.6
29.73,4263.2
29.92,4263.8
30.08,4264.4
30.26,4265
30.5,4265.6
30.72,4266.2
30.9,4266.8
31.03,4267.4
31.2,4268
31.42,4268.6
31.62,4269.2
31.79,4269.8
31.92,4270.4
32.08,4271
32.29,4271.6
32.49,4272.2
32.65,4272.9
32.77,4273.5
32.92,4274.1
33.12,4274.7
33.32,4275.3
33.47,4275.9
33.58,4276.5
33.72,4277.1
33.91,4277.7
34.1,4278.3
34.24,4278.9
34.34,4279.5
34.41,4280.1
34.45,4280.7
34.46,4281.3
34.45,4281.9
34.42,4282.5
34.38,4283.1
34.32,4283.7
34.27,4284.3
34.2,4284.9
34.12,4285.6
34.03,4286.1
33.94,4286.8
33.85,4287.4
33.76,4288
33.66,4288.6
33.56,4289.2
33.46,4289.8
33.36,4290.4
33.26,4291
33.16,4291.6
33.06,4292.2
32.98,4292.8
32.9,4293.4
32.82,4294
32.74,4294.6
32.67,4295.2
32.6,4295.8
32.53,4296.4
32.47,4297
32.42,4297.6
32.37,4298.2
32.33,4298.9
32.29,4299.4
32.26,4300.1
32.24,4300.7
32.22,4301.3
32.22,4301.9
32.21,4302.5
32.2,4303.1
32.2,4303.7
32.2,4304.3
32.2,4304.9
32.21,4305.5
32.22,4306.1
32.23,4306.7
32.25,4307.3
32.27,4307.9
32.28,4308.5
32.3,4309.1
32.32,4309.7
32.34,4310.3
32.35,4310.9
32.37,4311.5
32.39,4312.1
32.41,4312.8
32.42,4313.4
32.44,4314
32.45,4314.6
32.47,4315.2
32.48,4315.8
32.5,4316.4
32.52,4317
32.53,4317.6
32.54,4318.2
32.55,4318.8
32.56,4319.4
32.57,4320
32.58,4320.6
32.59,4321.2
32.59,4321.8
32.6,4322.4
32.6,4323
32.6,4323.6
32.61,4324.2
32.61,4324.8
32.61,4325.4
32.62,4326.1
32.62,4326.7
32.62,4327.3
32.62,4327.9
32.62,4328.5
32.62,4329.1
32.62,4329.7
32.62,4330.3
32.62,4330.9
32.62,4331.5
32.62,4332.1
32.62,4332.7
32.62,4333.3
32.62,4333.9
32.61,4334.5
32.61,4335.1
32.61,4335.7
32.6,4336.3
32.6,4336.9
32.59,4337.5
32.59,4338.1
32.59,4338.8
32.58,4339.4
32.57,4340
32.56,4340.6
32.55,4341.2
32.54,4341.8
32.54,4342.4
32.53,4343
32.52,4343.6
32.51,4344.2
32.51,4344.8
32.51,4345.4
32.5,4346
32.51,4346.6
32.5,4347.2
32.5,4347.8
32.5,4348.4
32.5,4349
32.5,4349.6
32.49,4350.2
32.49,4350.8
32.49,4351.4
32.48,4352.1
32.48,4352.6
32.47,4353.3
32.47,4353.9
32.47,4354.5
32.47,4355.1
