Temperature	Time
32.45,1.21
32.39,1.81
32.32,2.41
32.24,3.02
32.16,3.62
32.08,4.23
31.99,4.83
31.91,5.43
31.82,6.04
31.74,6.64
31.65,7.24
31.57,7.85
31.49,8.45
31.4,9.06
31.32,9.66
31.23,10.26
31.15,10.87
31.07,11.47
30.98,12.08
30.9,12.68
30.82,13.28
30.74,13.89
30.65,14.49
30.57,15.1
30.49,15.7
30.41,16.3
30.33,16.91
30.25,17.51
30.18,18.12
30.11,18.72
30.03,19.32
29.96,19.93
29.89,20.53
29.83,21.14
29.76,21.74
29.7,22.34
29.63,22.95
29.57,23.55
29.51,24.16
29.45,24.76
29.39,25.36
29.33,25.97
29.27,26.57
29.21,27.17
29.15,27.78
29.09,28.38
29.03,28.99
28.98,29.59
28.92,30.19
28.87,30.8
28.81,31.4
28.75,32.01
28.7,32.61
28.65,33.22
28.59,33.82
28.54,34.42
28.48,35.03
28.43,35.63
28.38,36.24
28.33,36.84
28.27,37.44
28.22,38.05
28.17,38.65
28.12,39.26
28.06,39.86
28.01,40.46
27.96,41.07
27.9,41.67
27.85,42.27
27.8,42.88
27.75,43.48
27.7,44.09
27.65,44.69
27.6,45.29
27.55,45.9
27.5,46.5
27.46,47.11
27.41,47.71
27.36,48.31
27.31,48.92
27.27,49.52
27.22,50.13
27.18,50.73
27.13,51.33
27.09,51.94
27.04,52.54
27,53.15
26.96,53.75
26.92,54.35
26.88,54.96
26.84,55.56
26.8,56.17
26.77,56.77
26.73,57.37
26.69,57.98
26.66,58.58
26.62,59.19
26.58,59.79
26.54,60.39
26.51,61
26.47,61.6
26.44,62.2
26.4,62.81
26.37,63.41
26.33,64.02
26.3,64.62
26.27,65.22
26.24,65.83
26.2,66.43
26.17,67.04
26.14,67.64
26.12,68.25
26.09,68.85
26.06,69.45
26.03,70.06
26,70.66
25.98,71.26
25.95,71.87
25.92,72.47
25.89,73.08
25.87,73.68
25.84,74.29
25.81,74.89
25.78,75.49
25.77,76.1
25.81,76.7
25.9,77.3
26.03,77.91
26.18,78.51
26.36,79.12
26.55,79.72
26.75,80.32
26.97,80.93
27.19,81.53
27.41,82.14
27.62,82.74
27.78,83.34
27.89,83.95
27.96,84.55
28.01,85.16
28.03,85.76
28.03,86.37
28.01,86.97
27.99,87.57
27.95,88.18
27.91,88.78
27.87,89.39
27.82,89.99
27.76,90.6
27.71,91.2
27.65,91.8
27.6,92.41
27.55,93.01
27.49,93.62
27.44,94.22
27.38,94.83
27.33,95.43
27.27,96.04
27.22,96.64
27.17,97.25
27.12,97.85
27.07,98.45
27.02,99.06
26.97,99.66
26.92,100.27
26.88,100.87
26.83,101.48
26.79,102.08
26.75,102.68
26.7,103.29
26.66,103.89
26.62,104.5
26.58,105.1
26.54,105.71
26.51,106.31
26.47,106.92
26.43,107.52
26.39,108.13
26.36,108.73
26.32,109.33
26.29,109.94
26.25,110.54
26.22,111.15
26.19,111.75
26.15,112.36
26.12,112.96
26.09,113.57
26.05,114.17
26.02,114.77
25.99,115.38
25.95,115.98
25.92,116.59
25.89,117.19
25.86,117.8
25.83,118.4
25.8,119.01
25.77,119.61
25.75,120.21
25.72,120.82
25.69,121.42
25.66,122.03
25.63,122.63
25.6,123.24
25.57,123.84
25.55,124.45
25.52,125.05
25.49,125.66
25.46,126.26
25.43,126.86
25.4,127.47
25.38,128.07
25.35,128.68
25.32,129.28
25.29,129.89
25.26,130.49
25.23,131.1
25.21,131.7
25.18,132.3
25.16,132.91
25.13,133.51
25.1,134.12
25.07,134.72
25.06,135.33
25.09,135.93
25.15,136.54
25.24,137.14
25.35,137.75
25.48,138.35
25.61,138.95
25.76,139.56
25.92,140.16
26.08,140.77
26.24,141.37
26.4,141.98
26.56,142.58
26.71,143.19
26.87,143.79
27.03,144.4
27.18,145
27.33,145.6
27.47,146.21
27.61,146.81
27.74,147.42
27.87,148.02
27.98,148.63
28.08,149.23
28.18,149.84
28.26,150.44
28.34,151.05
28.41,151.65
28.48,152.25
28.54,152.86
28.59,153.46
28.63,154.07
28.67,154.67
28.7,155.28
28.72,155.88
28.74,156.49
28.75,157.09
28.76,157.69
28.77,158.3
28.76,158.9
28.76,159.51
28.76,160.11
28.75,160.72
28.75,161.32
28.74,161.93
28.73,162.53
28.72,163.13
28.71,163.74
28.7,164.34
28.69,164.95
28.68,165.55
28.66,166.16
28.65,166.76
28.65,167.37
28.64,167.97
28.63,168.58
28.62,169.18
28.61,169.79
28.61,170.39
28.6,170.99
28.59,171.6
28.59,172.2
28.58,172.81
28.58,173.41
28.57,174.02
28.57,174.62
28.57,175.23
28.57,175.83
28.56,176.44
28.56,177.04
28.56,177.64
28.55,178.25
28.55,178.85
28.55,179.46
28.55,180.06
28.55,180.67
28.55,181.27
28.55,181.88
28.55,182.48
28.55,183.09
28.55,183.69
28.55,184.29
28.55,184.9
28.55,185.5
28.55,186.11
28.55,186.71
28.55,187.32
28.55,187.92
28.55,188.52
28.55,189.13
28.56,189.73
28.56,190.34
28.56,190.94
28.57,191.55
28.57,192.15
28.56,192.76
28.56,193.36
28.56,193.97
28.56,194.57
28.55,195.18
28.55,195.78
28.55,196.38
28.55,196.99
28.55,197.59
28.55,198.2
28.55,198.8
28.55,199.41
28.55,200.01
28.55,200.62
28.56,201.22
28.55,201.83
28.56,202.43
28.56,203.03
28.57,203.64
28.57,204.24
28.57,204.85
28.58,205.45
28.58,206.06
28.58,206.66
28.59,207.27
28.59,207.87
28.6,208.48
28.6,209.08
28.61,209.68
28.61,210.29
28.61,210.89
28.61,211.5
28.62,212.1
28.62,212.71
28.62,213.31
28.62,213.91
28.62,214.52
28.62,215.12
28.62,215.73
28.62,216.33
28.62,216.94
28.62,217.54
28.62,218.15
28.62,218.75
28.62,219.36
28.61,219.96
28.61,220.57
28.6,221.17
28.59,221.77
28.59,222.38
28.58,222.98
28.57,223.59
28.57,224.19
28.56,224.8
28.55,225.4
28.54,226.01
28.54,226.61
28.53,227.22
28.52,227.82
28.52,228.42
28.51,229.03
28.51,229.63
28.51,230.24
28.51,230.84
28.51,231.45
28.51,232.05
28.51,232.66
28.51,233.26
28.51,233.87
28.52,234.47
28.52,235.07
28.53,235.68
28.53,236.28
28.53,236.89
28.55,237.49
28.55,238.1
28.56,238.7
28.56,239.31
28.57,239.91
28.57,240.52
28.57,241.12
28.57,241.72
28.56,242.33
28.57,242.93
28.56,243.54
28.56,244.14
28.56,244.75
28.56,245.35
28.55,245.96
28.55,246.56
28.55,247.16
28.54,247.77
28.54,248.37
28.54,248.98
28.54,249.58
28.54,250.19
28.54,250.79
28.54,251.4
28.54,252
28.54,252.61
28.54,253.21
28.54,253.82
28.53,254.42
28.54,255.02
28.53,255.63
28.53,256.23
28.54,256.84
28.54,257.44
28.54,258.05
28.54,258.65
28.54,259.26
28.54,259.86
28.54,260.47
28.53,261.07
28.54,261.67
28.54,262.28
28.54,262.88
28.54,263.49
28.54,264.09
28.55,264.7
28.55,265.3
28.55,265.91
28.56,266.51
28.56,267.11
28.57,267.72
28.57,268.32
28.58,268.93
28.58,269.53
28.59,270.14
28.59,270.74
28.59,271.35
28.6,271.95
28.6,272.56
28.61,273.16
28.61,273.76
28.62,274.37
28.62,274.97
28.63,275.58
28.63,276.18
28.63,276.79
28.63,277.39
28.63,278
28.63,278.6
28.63,279.2
28.63,279.81
28.63,280.41
28.63,281.02
28.63,281.62
28.63,282.23
28.63,282.83
28.63,283.44
28.63,284.04
28.62,284.65
28.62,285.25
28.62,285.86
28.61,286.46
28.61,287.06
28.61,287.67
28.61,288.27
28.6,288.88
28.6,289.48
28.6,290.09
28.6,290.69
28.59,291.3
28.59,291.9
28.59,292.5
28.59,293.11
28.59,293.71
28.58,294.32
28.59,294.92
28.58,295.53
28.58,296.13
28.58,296.74
28.58,297.34
28.58,297.95
28.58,298.55
28.58,299.15
28.58,299.76
28.58,300.36
28.58,300.97
28.58,301.57
28.58,302.18
28.58,302.78
28.58,303.39
28.59,303.99
28.59,304.6
28.59,305.2
28.59,305.8
28.59,306.41
28.59,307.01
28.59,307.62
28.58,308.22
28.58,308.83
28.58,309.43
28.58,310.04
28.58,310.64
28.58,311.25
28.57,311.85
28.57,312.45
28.57,313.06
28.57,313.66
28.57,314.27
28.57,314.87
28.57,315.48
28.56,316.08
28.56,316.69
28.56,317.29
28.56,317.89
28.56,318.5
28.56,319.1
28.57,319.71
28.57,320.31
28.57,320.92
28.57,321.52
28.58,322.13
28.58,322.73
28.58,323.34
28.59,323.94
28.59,324.54
28.59,325.15
28.59,325.75
28.59,326.36
28.6,326.96
28.6,327.57
28.6,328.17
28.61,328.78
28.61,329.38
28.61,329.99
28.61,330.59
28.61,331.2
28.61,331.8
28.62,332.4
28.61,333.01
28.62,333.61
28.61,334.22
28.61,334.82
28.61,335.43
28.61,336.03
28.6,336.64
28.6,337.24
28.6,337.85
28.6,338.45
28.59,339.05
28.59,339.66
28.59,340.26
28.59,340.87
28.59,341.47
28.59,342.08
28.58,342.68
28.58,343.29
28.58,343.89
28.58,344.5
28.58,345.1
28.57,345.7
28.58,346.31
28.57,346.91
28.57,347.52
28.57,348.12
28.57,348.73
28.57,349.33
28.57,349.94
28.58,350.54
28.58,351.14
28.58,351.75
28.58,352.35
28.58,352.96
28.58,353.56
28.58,354.17
28.59,354.77
28.59,355.38
28.6,355.98
28.6,356.58
28.6,357.19
28.6,357.79
28.6,358.4
28.6,359
28.6,359.61
28.6,360.21
28.6,360.82
28.6,361.42
28.6,362.02
28.6,362.63
28.6,363.23
28.6,363.84
28.6,364.44
28.6,365.05
28.59,365.65
28.59,366.26
28.59,366.86
28.58,367.47
28.57,368.07
28.57,368.67
28.56,369.28
28.56,369.89
28.54,370.49
28.52,371.09
28.49,371.7
28.45,372.3
28.41,372.91
28.36,373.51
28.32,374.12
28.27,374.72
28.21,375.32
28.16,375.93
28.1,376.53
28.04,377.14
27.98,377.74
27.93,378.35
27.89,378.95
27.86,379.55
27.85,380.16
27.84,380.77
27.84,381.37
27.85,381.97
27.86,382.58
27.87,383.18
27.89,383.79
27.91,384.39
27.94,385
27.98,385.6
28.02,386.21
28.07,386.81
28.11,387.42
28.16,388.02
28.21,388.62
28.26,389.23
28.31,389.83
28.36,390.44
28.41,391.04
28.46,391.65
28.51,392.25
28.56,392.86
28.6,393.46
28.65,394.06
28.7,394.67
28.74,395.27
28.79,395.88
28.83,396.48
28.87,397.09
28.91,397.69
28.95,398.3
28.99,398.9
29.02,399.51
29.06,400.11
29.09,400.71
29.12,401.32
29.14,401.92
29.17,402.53
29.2,403.13
29.21,403.74
29.24,404.34
29.25,404.95
29.27,405.55
29.28,406.16
29.3,406.76
29.31,407.36
29.32,407.97
29.33,408.57
29.34,409.18
29.35,409.78
29.35,410.39
29.35,410.99
29.36,411.6
29.36,412.2
29.36,412.81
29.37,413.41
29.37,414.01
29.37,414.62
29.38,415.22
29.38,415.83
29.38,416.43
29.39,417.04
29.39,417.64
29.39,418.25
29.39,418.85
29.4,419.46
29.4,420.06
29.41,420.66
29.41,421.27
29.42,421.87
29.43,422.48
29.44,423.08
29.44,423.69
29.45,424.29
29.45,424.9
29.46,425.5
29.47,426.11
29.47,426.71
29.48,427.31
29.48,427.92
29.49,428.52
29.49,429.13
29.5,429.73
29.5,430.34
29.51,430.94
29.51,431.55
29.52,432.15
29.52,432.76
29.52,433.36
29.53,433.96
29.53,434.57
29.54,435.17
29.54,435.78
29.55,436.38
29.55,436.99
29.55,437.59
29.56,438.2
29.56,438.8
29.57,439.4
29.57,440.01
29.58,440.61
29.59,441.22
29.6,441.82
29.6,442.43
29.61,443.03
29.61,443.64
29.62,444.24
29.63,444.85
29.63,445.45
29.64,446.05
29.64,446.66
29.65,447.26
29.65,447.87
29.66,448.47
29.66,449.08
29.67,449.68
29.67,450.29
29.68,450.89
29.68,451.5
29.68,452.1
29.69,452.7
29.69,453.31
29.69,453.91
29.7,454.52
29.7,455.12
29.7,455.73
29.7,456.33
29.71,456.94
29.71,457.54
29.71,458.14
29.71,458.75
29.72,459.36
29.72,459.96
29.72,460.56
29.73,461.17
29.73,461.77
29.73,462.38
29.73,462.98
29.73,463.59
29.74,464.19
29.74,464.8
29.74,465.4
29.74,466
29.75,466.61
29.75,467.21
29.75,467.82
29.75,468.42
29.75,469.03
29.75,469.63
29.75,470.24
29.75,470.84
29.74,471.45
29.74,472.05
29.74,472.65
29.74,473.26
29.74,473.86
29.74,474.47
29.75,475.07
29.75,475.68
29.75,476.28
29.76,476.89
29.77,477.49
29.77,478.1
29.78,478.7
29.79,479.3
29.79,479.91
29.8,480.51
29.81,481.12
29.82,481.72
29.82,482.33
29.83,482.93
29.84,483.54
29.84,484.14
29.85,484.75
29.85,485.35
29.86,485.95
29.86,486.56
29.87,487.16
29.87,487.77
29.87,488.37
29.88,488.98
29.88,489.58
29.88,490.19
29.88,490.79
29.88,491.39
29.89,492
29.89,492.6
29.89,493.21
29.88,493.81
29.88,494.42
29.88,495.02
29.88,495.63
29.88,496.23
29.88,496.84
29.88,497.44
29.88,498.04
29.88,498.65
29.87,499.25
29.87,499.86
29.87,500.46
29.87,501.07
29.87,501.67
29.87,502.28
29.87,502.88
29.87,503.49
29.87,504.09
29.87,504.69
29.87,505.3
29.87,505.9
29.87,506.51
29.87,507.11
29.87,507.72
29.87,508.32
29.87,508.93
29.87,509.53
29.87,510.14
29.87,510.74
29.87,511.34
29.87,511.95
29.87,512.55
29.86,513.16
29.86,513.76
29.85,514.37
29.85,514.97
29.85,515.58
29.85,516.18
29.85,516.78
29.85,517.39
29.85,517.99
29.85,518.6
29.86,519.2
29.86,519.81
29.86,520.41
29.86,521.02
29.87,521.62
29.86,522.23
29.87,522.83
29.87,523.44
29.88,524.04
29.88,524.64
29.89,525.25
29.89,525.85
29.89,526.46
29.9,527.06
29.91,527.67
29.91,528.27
29.92,528.88
29.92,529.48
29.93,530.08
29.93,530.69
29.94,531.29
29.94,531.9
29.95,532.5
29.96,533.11
29.96,533.71
29.97,534.32
29.97,534.92
29.98,535.53
29.98,536.13
29.99,536.73
29.99,537.34
29.99,537.94
29.99,538.55
30,539.15
30,539.76
30,540.36
30,540.97
30,541.57
30.01,542.18
30.01,542.78
30.01,543.39
30.01,543.99
30.01,544.59
30.01,545.2
30.01,545.8
30.01,546.41
30.01,547.01
30.01,547.62
30.01,548.22
30.02,548.83
30.02,549.43
30.02,550.03
30.02,550.64
30.02,551.24
30.02,551.85
30.02,552.45
30.02,553.06
30.02,553.66
30.02,554.27
30.02,554.87
30.02,555.47
30.02,556.08
30.02,556.69
30.01,557.29
30.01,557.89
30.01,558.5
30,559.1
30,559.71
29.99,560.31
29.99,560.92
29.99,561.52
29.98,562.13
29.98,562.73
29.98,563.34
29.98,563.94
29.98,564.54
29.98,565.15
29.97,565.75
29.98,566.36
29.98,566.96
29.98,567.57
29.98,568.17
29.98,568.78
29.98,569.38
29.98,569.98
29.98,570.59
29.98,571.19
29.98,571.8
29.98,572.4
29.98,573.01
29.98,573.61
29.98,574.22
29.98,574.82
29.97,575.42
29.97,576.03
29.97,576.63
29.97,577.24
29.96,577.84
29.96,578.45
29.96,579.05
29.96,579.66
29.96,580.26
29.96,580.87
29.96,581.47
29.97,582.08
29.97,582.68
29.97,583.28
29.97,583.89
29.97,584.49
29.98,585.1
29.98,585.7
29.98,586.31
29.98,586.91
29.98,587.52
29.99,588.12
29.99,588.72
29.99,589.33
29.99,589.93
30,590.54
30,591.14
30,591.75
30,592.35
30,592.96
30.01,593.56
30.01,594.16
30.01,594.77
30.01,595.38
30.01,595.98
30.01,596.58
30.01,597.19
30.01,597.79
30.01,598.4
30,599
30,599.61
30,600.21
29.99,600.82
29.99,601.42
29.98,602.02
29.98,602.63
29.97,603.23
29.97,603.84
29.97,604.44
29.97,605.05
29.97,605.65
29.97,606.26
29.97,606.86
29.97,607.47
29.98,608.07
29.98,608.67
29.98,609.28
29.98,609.88
29.98,610.49
29.99,611.09
29.99,611.7
29.99,612.3
29.99,612.91
29.99,613.51
30,614.11
30,614.72
30,615.32
30.01,615.93
30.01,616.53
30.01,617.14
30.01,617.74
30.02,618.35
30.02,618.95
30.02,619.55
30.03,620.16
30.03,620.77
30.03,621.37
30.04,621.97
30.04,622.58
30.04,623.18
30.05,623.79
30.05,624.39
30.05,625
30.05,625.6
30.05,626.21
30.05,626.81
30.05,627.41
30.05,628.02
30.05,628.62
30.05,629.23
30.05,629.83
30.05,630.44
30.04,631.04
30.04,631.65
30.04,632.25
30.04,632.85
30.04,633.46
30.03,634.06
30.03,634.67
30.03,635.27
30.02,635.88
30.01,636.48
30.01,637.09
30,637.69
29.99,638.3
29.98,638.9
29.98,639.51
29.97,640.11
29.97,640.71
29.96,641.32
29.96,641.92
29.95,642.53
29.95,643.13
29.95,643.74
29.94,644.34
29.94,644.95
29.94,645.55
29.95,646.16
29.94,646.76
29.94,647.36
29.95,647.97
29.95,648.57
29.95,649.18
29.95,649.78
29.96,650.39
29.96,650.99
29.96,651.59
29.97,652.2
29.97,652.8
29.97,653.41
29.97,654.01
29.98,654.62
29.98,655.22
29.99,655.83
29.99,656.43
30,657.04
30,657.64
30.01,658.25
30.01,658.85
30.01,659.45
30.02,660.06
30.02,660.66
30.02,661.27
30.02,661.87
30.03,662.48
30.03,663.08
30.03,663.69
30.03,664.29
30.03,664.9
30.03,665.5
30.03,666.1
30.04,666.71
30.03,667.31
30.04,667.92
30.04,668.52
30.03,669.13
30.03,669.73
30.03,670.34
30.03,670.94
30.03,671.54
30.03,672.15
30.02,672.75
30.02,673.36
30.02,673.96
30.02,674.57
30.02,675.17
30.01,675.78
30.01,676.38
30.01,676.99
30.01,677.59
30.01,678.2
30,678.8
30,679.4
30,680.01
30,680.61
30,681.22
30,681.82
30,682.43
30,683.03
30.01,683.64
30.01,684.24
30.01,684.84
30.02,685.45
30.02,686.05
30.02,686.66
30.02,687.26
30.02,687.87
30.03,688.47
30.03,689.08
30.03,689.68
30.04,690.29
30.04,690.89
30.04,691.49
30.05,692.1
30.05,692.7
30.05,693.31
30.06,693.91
30.06,694.52
30.06,695.12
30.06,695.73
30.06,696.33
30.06,696.94
30.06,697.54
30.06,698.14
30.06,698.75
30.06,699.35
30.06,699.96
30.06,700.56
30.06,701.17
30.06,701.77
30.05,702.38
30.05,702.98
30.05,703.59
30.04,704.19
30.04,704.79
30.04,705.4
30.04,706
30.04,706.61
30.03,707.21
30.03,707.82
30.03,708.42
30.03,709.03
30.03,709.63
30.03,710.23
30.03,710.84
30.02,711.44
30.02,712.05
30.03,712.65
30.03,713.26
30.02,713.86
30.03,714.47
30.03,715.07
30.03,715.68
30.03,716.28
30.03,716.88
30.02,717.49
30.02,718.09
30.02,718.7
30.02,719.3
30.02,719.91
30.02,720.51
30.02,721.12
30.02,721.72
30.02,722.33
30.02,722.93
30.02,723.53
30.02,724.14
30.02,724.74
30.02,725.35
30.02,725.95
30.02,726.56
30.02,727.16
30.02,727.77
30.02,728.37
30.02,728.97
30.02,729.58
30.02,730.18
30.02,730.79
30.02,731.39
30.02,732
30.02,732.6
30.02,733.21
30.03,733.81
30.02,734.41
30.02,735.02
30.02,735.63
30.02,736.23
30.02,736.83
30.02,737.44
30.02,738.04
30.02,738.65
30.02,739.25
30.02,739.86
30.02,740.46
30.02,741.07
30.02,741.67
30.02,742.28
30.02,742.88
30.02,743.48
30.01,744.09
30.01,744.69
30.01,745.3
30.01,745.9
30,746.51
30,747.11
30,747.72
29.99,748.32
29.99,748.92
29.99,749.53
29.99,750.13
29.99,750.74
29.99,751.34
29.99,751.95
29.99,752.55
29.99,753.16
29.99,753.76
29.99,754.36
29.99,754.97
29.99,755.57
29.99,756.18
29.99,756.78
29.99,757.39
29.98,757.99
29.98,758.6
29.98,759.2
29.98,759.81
29.98,760.41
29.98,761.02
29.98,761.62
29.98,762.22
29.98,762.83
29.98,763.43
29.98,764.04
29.98,764.64
29.99,765.25
29.99,765.85
29.99,766.46
30,767.06
30,767.67
30,768.27
30.01,768.88
30.01,769.48
30.02,770.08
30.02,770.69
30.02,771.29
30.02,771.9
30.02,772.5
30.02,773.11
30.02,773.71
30.02,774.32
30.02,774.92
30.02,775.52
30.02,776.13
30.02,776.73
30.02,777.34
30.02,777.94
30.02,778.55
30.02,779.15
30.02,779.76
30.02,780.36
30.02,780.97
30.02,781.57
30.02,782.17
30.01,782.78
30.01,783.38
30.01,783.99
30.01,784.59
30.01,785.2
30.01,785.8
30.01,786.41
30,787.01
30,787.61
30,788.22
30,788.82
29.99,789.43
29.99,790.03
30,790.64
29.99,791.24
30,791.85
29.99,792.45
30,793.06
29.99,793.66
29.99,794.27
30,794.87
29.99,795.47
29.99,796.08
29.99,796.68
29.98,797.29
29.98,797.89
29.97,798.5
29.97,799.1
29.97,799.71
29.97,800.31
29.96,800.91
29.96,801.52
29.95,802.12
29.95,802.73
29.95,803.33
29.95,803.94
29.95,804.54
29.95,805.15
29.95,805.75
29.95,806.35
29.96,806.96
29.96,807.56
29.96,808.17
29.97,808.77
29.97,809.38
29.97,809.98
29.98,810.59
29.98,811.19
29.98,811.8
29.98,812.4
29.99,813.01
29.99,813.61
29.99,814.21
30,814.82
30,815.42
30.01,816.03
30.01,816.63
30.01,817.24
30.01,817.84
30.01,818.45
30.02,819.05
30.02,819.66
30.02,820.26
30.02,820.86
30.02,821.47
30.02,822.07
30.02,822.68
30.02,823.28
30.01,823.89
30.01,824.49
30,825.1
30,825.7
30,826.3
29.99,826.91
29.99,827.51
29.99,828.12
29.98,828.72
29.98,829.33
29.98,829.93
29.98,830.54
29.98,831.14
29.98,831.75
29.98,832.35
29.98,832.96
29.98,833.56
29.98,834.16
29.98,834.77
29.99,835.37
29.99,835.98
29.99,836.58
30,837.19
30,837.79
30.01,838.4
30.01,839
30.01,839.6
30.02,840.21
30.02,840.81
30.03,841.42
30.03,842.02
30.03,842.63
30.03,843.23
30.03,843.84
30.03,844.44
30.03,845.04
30.03,845.65
30.03,846.26
30.03,846.86
30.03,847.46
30.02,848.07
30.02,848.67
30.01,849.28
30,849.88
30,850.49
29.99,851.09
29.98,851.7
29.97,852.3
29.96,852.9
29.96,853.51
29.96,854.11
29.95,854.72
29.95,855.32
29.95,855.93
29.95,856.53
29.95,857.14
29.95,857.74
29.95,858.34
29.95,858.95
29.95,859.55
29.96,860.16
29.96,860.76
29.96,861.37
29.96,861.97
29.96,862.58
29.96,863.18
29.96,863.78
29.96,864.39
29.96,865
29.95,865.6
29.96,866.2
29.96,866.81
29.96,867.41
29.96,868.02
29.96,868.62
29.96,869.23
29.96,869.83
29.96,870.44
29.96,871.04
29.95,871.65
29.95,872.25
29.95,872.85
29.95,873.46
29.95,874.06
29.94,874.67
29.95,875.27
29.95,875.88
29.95,876.48
29.94,877.09
29.95,877.69
29.95,878.29
29.95,878.9
29.95,879.5
29.96,880.11
29.96,880.71
29.96,881.32
29.97,881.92
29.97,882.53
29.97,883.13
29.98,883.74
29.98,884.34
29.98,884.94
29.99,885.55
29.99,886.15
29.99,886.76
30,887.36
30,887.97
30.01,888.57
30.01,889.18
30.02,889.78
30.02,890.39
30.02,890.99
30.01,891.59
30.02,892.2
30.01,892.8
30.01,893.41
30.02,894.01
30.02,894.62
30.02,895.22
30.03,895.83
30.03,896.43
30.04,897.03
30.05,897.64
30.05,898.24
30.05,898.85
30.05,899.45
30.05,900.06
30.04,900.66
30.04,901.27
30.04,901.87
30.03,902.48
30.03,903.08
30.03,903.69
30.02,904.29
30.02,904.89
30.01,905.5
30.01,906.1
30,906.71
30,907.31
30,907.92
29.99,908.52
29.99,909.13
29.99,909.73
29.99,910.33
29.99,910.94
29.99,911.54
29.99,912.15
29.99,912.75
30,913.36
30,913.96
30,914.57
30,915.17
30,915.78
30,916.38
29.99,916.98
29.99,917.59
29.99,918.19
29.99,918.8
29.99,919.4
29.99,920.01
29.99,920.61
30,921.22
30,921.82
30.01,922.42
30.01,923.03
30.02,923.63
30.02,924.24
30.03,924.84
30.04,925.45
30.04,926.05
30.05,926.66
30.05,927.26
30.05,927.87
30.05,928.47
30.05,929.08
30.04,929.68
30.04,930.28
30.04,930.89
30.03,931.49
30.03,932.1
30.02,932.7
30.02,933.31
30.01,933.91
30.01,934.52
30,935.12
30,935.72
30,936.33
30,936.93
30,937.54
30,938.14
30,938.75
30,939.35
30,939.96
30,940.56
30,941.16
30.01,941.77
30.01,942.37
30.01,942.98
30.02,943.58
30.02,944.19
30.03,944.79
30.03,945.4
30.03,946
30.04,946.61
30.04,947.21
30.04,947.82
30.05,948.42
30.05,949.02
30.05,949.63
30.05,950.23
30.05,950.84
30.05,951.44
30.06,952.05
30.06,952.65
30.06,953.26
30.05,953.86
30.06,954.47
30.05,955.07
30.05,955.67
30.06,956.28
30.06,956.88
30.05,957.49
30.06,958.09
30.06,958.7
30.06,959.3
30.06,959.91
30.06,960.51
30.06,961.12
30.06,961.72
30.06,962.32
30.07,962.93
30.07,963.53
30.07,964.14
30.07,964.74
30.07,965.35
30.07,965.95
30.07,966.56
30.07,967.16
30.07,967.77
30.07,968.37
30.07,968.97
30.07,969.58
30.07,970.18
30.07,970.79
30.07,971.39
30.07,972
30.06,972.6
30.06,973.21
30.06,973.81
30.06,974.41
30.05,975.02
30.05,975.62
30.05,976.23
30.05,976.83
30.04,977.44
30.03,978.04
30.03,978.65
30.02,979.25
30.01,979.86
30.01,980.46
30.01,981.06
30,981.67
30,982.27
29.99,982.88
29.99,983.48
29.99,984.09
29.99,984.69
29.99,985.3
29.98,985.9
29.98,986.51
29.98,987.11
29.98,987.71
29.98,988.32
29.98,988.92
29.98,989.53
29.97,990.13
29.97,990.74
29.97,991.34
29.96,991.95
29.95,992.55
29.95,993.16
29.94,993.76
29.93,994.36
29.93,994.97
29.92,995.57
29.92,996.18
29.92,996.78
29.92,997.39
29.92,997.99
29.91,998.6
29.91,999.2
29.91,999.8
29.91,1000.4
29.9,1001
29.9,1001.6
29.9,1002.2
29.9,1002.8
29.9,1003.4
29.9,1004
29.9,1004.6
29.9,1005.2
29.9,1005.9
29.9,1006.5
29.9,1007.1
29.9,1007.7
29.91,1008.3
29.91,1008.9
29.92,1009.5
29.92,1010.1
29.93,1010.7
29.93,1011.3
29.94,1011.9
29.95,1012.5
29.95,1013.1
29.96,1013.7
29.97,1014.3
29.97,1014.9
29.98,1015.5
29.98,1016.1
29.99,1016.7
29.99,1017.3
29.99,1017.9
30,1018.5
30,1019.1
30.01,1019.8
30.01,1020.4
30.01,1021
30.02,1021.6
30.02,1022.2
30.02,1022.8
30.01,1023.4
30.01,1024
30.01,1024.6
30.01,1025.2
30.01,1025.8
30.01,1026.4
30.01,1027
30.01,1027.6
30.01,1028.2
30.02,1028.8
30.02,1029.4
30.02,1030
30.01,1030.6
30.02,1031.2
30.02,1031.8
30.02,1032.5
30.02,1033.1
30.02,1033.7
30.02,1034.3
30.02,1034.9
30.02,1035.5
30.02,1036.1
30.01,1036.7
30.01,1037.3
30.01,1037.9
30,1038.5
30,1039.1
30,1039.7
30,1040.3
30,1040.9
30,1041.5
30,1042.1
30,1042.7
30,1043.3
30,1043.9
30.01,1044.5
30.01,1045.2
30.01,1045.8
30.02,1046.4
30.02,1047
30.02,1047.6
30.01,1048.2
30.01,1048.8
30,1049.4
30,1050
29.99,1050.6
29.98,1051.2
29.98,1051.8
29.97,1052.4
29.96,1053
29.95,1053.6
29.94,1054.2
29.93,1054.8
29.92,1055.4
29.92,1056
29.92,1056.6
29.91,1057.2
29.91,1057.8
29.91,1058.5
29.91,1059
29.91,1059.7
29.9,1060.3
29.91,1060.9
29.91,1061.5
29.9,1062.1
29.91,1062.7
29.91,1063.3
29.91,1063.9
29.92,1064.5
29.92,1065.1
29.93,1065.7
29.93,1066.3
29.95,1066.9
29.96,1067.5
29.97,1068.1
29.98,1068.7
30,1069.3
30.01,1069.9
30.02,1070.5
30.03,1071.2
30.04,1071.8
30.06,1072.3
30.07,1073
30.08,1073.6
30.09,1074.2
30.1,1074.8
30.1,1075.4
30.11,1076
30.11,1076.6
30.12,1077.2
30.12,1077.8
30.12,1078.4
30.12,1079
30.12,1079.6
30.13,1080.2
30.13,1080.8
30.13,1081.4
30.13,1082
30.14,1082.6
30.14,1083.2
30.13,1083.8
30.13,1084.5
30.13,1085
30.13,1085.7
30.12,1086.3
30.13,1086.9
30.12,1087.5
30.12,1088.1
30.12,1088.7
30.12,1089.3
30.11,1089.9
30.11,1090.5
30.11,1091.1
30.11,1091.7
30.1,1092.3
30.1,1092.9
30.09,1093.5
30.08,1094.1
30.08,1094.7
30.07,1095.3
30.07,1095.9
30.06,1096.5
30.05,1097.1
30.05,1097.8
30.04,1098.3
30.04,1099
30.03,1099.6
30.03,1100.2
30.02,1100.8
30.02,1101.4
30.01,1102
30.01,1102.6
30,1103.2
30.01,1103.8
30.01,1104.4
30,1105
30,1105.6
30,1106.2
29.99,1106.8
29.99,1107.4
29.98,1108
29.98,1108.6
29.97,1109.2
29.96,1109.8
29.96,1110.4
29.96,1111
29.95,1111.7
29.95,1112.3
29.94,1112.9
29.94,1113.5
29.93,1114.1
29.94,1114.7
29.93,1115.3
29.92,1115.9
29.93,1116.5
29.93,1117.1
29.93,1117.7
29.93,1118.3
29.93,1118.9
29.94,1119.5
29.94,1120.1
29.95,1120.7
29.95,1121.3
29.96,1121.9
29.96,1122.5
29.96,1123.1
29.96,1123.7
29.97,1124.3
29.97,1125
29.97,1125.6
29.96,1126.2
29.96,1126.8
29.96,1127.4
29.96,1128
29.96,1128.6
29.96,1129.2
29.97,1129.8
29.97,1130.4
29.97,1131
29.97,1131.6
29.97,1132.2
29.97,1132.8
29.96,1133.4
29.96,1134
29.95,1134.6
29.95,1135.2
29.94,1135.8
29.94,1136.4
29.93,1137
29.93,1137.7
29.92,1138.2
29.92,1138.9
29.92,1139.5
29.92,1140.1
29.91,1140.7
29.91,1141.3
29.91,1141.9
29.91,1142.5
29.91,1143.1
29.91,1143.7
29.9,1144.3
29.9,1144.9
29.9,1145.5
29.9,1146.1
29.9,1146.7
29.9,1147.3
29.9,1147.9
29.9,1148.5
29.9,1149.1
29.91,1149.7
29.91,1150.3
29.92,1151
29.93,1151.6
29.94,1152.2
29.94,1152.8
29.95,1153.4
29.96,1154
29.97,1154.6
29.98,1155.2
29.99,1155.8
30,1156.4
30.01,1157
30.02,1157.6
30.03,1158.2
30.04,1158.8
30.04,1159.4
30.05,1160
30.05,1160.6
30.06,1161.2
30.06,1161.8
30.06,1162.4
30.06,1163
30.07,1163.7
30.07,1164.2
30.07,1164.9
30.07,1165.5
30.08,1166.1
30.08,1166.7
30.08,1167.3
30.08,1167.9
30.08,1168.5
30.08,1169.1
30.08,1169.7
30.08,1170.3
30.08,1170.9
30.08,1171.5
30.08,1172.1
30.08,1172.7
30.08,1173.3
30.08,1173.9
30.09,1174.5
30.09,1175.1
30.09,1175.7
30.09,1176.3
30.09,1177
30.09,1177.5
30.09,1178.2
30.09,1178.8
30.09,1179.4
30.09,1180
30.09,1180.6
30.09,1181.2
30.09,1181.8
30.09,1182.4
30.08,1183
30.08,1183.6
30.07,1184.2
30.08,1184.8
30.07,1185.4
30.06,1186
30.06,1186.6
30.05,1187.2
30.04,1187.8
30.04,1188.4
30.04,1189
30.03,1189.6
30.03,1190.2
30.02,1190.8
30.02,1191.5
30.02,1192.1
30.02,1192.7
30.01,1193.3
30.02,1193.9
30.01,1194.5
30.01,1195.1
30.01,1195.7
30.01,1196.3
30.01,1196.9
30.01,1197.5
30.01,1198.1
30.01,1198.7
30.01,1199.3
30.01,1199.9
30,1200.5
30,1201.1
30,1201.7
30,1202.3
30,1202.9
30,1203.5
30,1204.2
30,1204.8
29.99,1205.4
29.99,1206
29.99,1206.6
29.99,1207.2
29.99,1207.8
29.98,1208.4
29.98,1209
29.98,1209.6
29.98,1210.2
29.98,1210.8
29.98,1211.4
29.98,1212
29.98,1212.6
29.97,1213.2
29.97,1213.8
29.98,1214.4
29.98,1215
29.98,1215.6
29.98,1216.2
29.98,1216.8
29.98,1217.5
29.98,1218.1
29.98,1218.7
29.99,1219.3
29.99,1219.9
29.99,1220.5
30,1221.1
30,1221.7
30.01,1222.3
30.01,1222.9
30.01,1223.5
30.02,1224.1
30.02,1224.7
30.02,1225.3
30.02,1225.9
30.02,1226.5
30.02,1227.1
30.02,1227.7
30.02,1228.3
30.02,1228.9
30.02,1229.5
30.01,1230.2
30.01,1230.8
30.01,1231.4
30.01,1232
30.01,1232.6
30.01,1233.2
30.01,1233.8
30.01,1234.4
30.01,1235
30,1235.6
30,1236.2
30,1236.8
30,1237.4
30,1238
29.99,1238.6
29.99,1239.2
29.99,1239.8
29.99,1240.4
29.99,1241
29.99,1241.6
29.99,1242.2
29.99,1242.8
29.99,1243.5
29.99,1244.1
29.99,1244.7
29.99,1245.3
29.99,1245.9
29.99,1246.5
29.99,1247.1
29.99,1247.7
29.99,1248.3
29.99,1248.9
29.98,1249.5
29.98,1250.1
29.98,1250.7
29.98,1251.3
29.97,1251.9
29.97,1252.5
29.98,1253.1
29.98,1253.7
29.98,1254.3
29.98,1254.9
29.98,1255.5
29.99,1256.2
29.99,1256.8
29.99,1257.4
29.99,1258
30,1258.6
30,1259.2
30,1259.8
30,1260.4
30,1261
30,1261.6
30,1262.2
29.99,1262.8
29.99,1263.4
29.99,1264
29.98,1264.6
29.98,1265.2
29.98,1265.8
29.98,1266.4
29.98,1267
29.97,1267.6
29.97,1268.2
29.97,1268.8
29.97,1269.5
29.98,1270
29.97,1270.7
29.97,1271.3
29.97,1271.9
29.98,1272.5
29.98,1273.1
29.98,1273.7
29.98,1274.3
29.98,1274.9
29.99,1275.5
29.99,1276.1
29.99,1276.7
30,1277.3
30,1277.9
30,1278.5
30,1279.1
30.01,1279.7
30.01,1280.3
30.01,1280.9
30.01,1281.5
30.02,1282.2
30.02,1282.8
30.02,1283.3
30.03,1284
30.03,1284.6
30.03,1285.2
30.03,1285.8
30.04,1286.4
30.04,1287
30.04,1287.6
30.04,1288.2
30.04,1288.8
30.04,1289.4
30.04,1290
30.04,1290.6
30.04,1291.2
30.04,1291.8
30.05,1292.4
30.05,1293
30.05,1293.6
30.05,1294.2
30.05,1294.8
30.05,1295.5
30.05,1296
30.05,1296.7
30.05,1297.3
30.05,1297.9
30.05,1298.5
30.04,1299.1
30.04,1299.7
30.04,1300.3
30.04,1300.9
30.04,1301.5
30.04,1302.1
30.03,1302.7
30.03,1303.3
30.03,1303.9
30.02,1304.5
30.03,1305.1
30.02,1305.7
30.02,1306.3
30.02,1306.9
30.02,1307.5
30.02,1308.1
30.02,1308.8
30.02,1309.3
30.02,1310
30.02,1310.6
30.02,1311.2
30.01,1311.8
30.01,1312.4
30.01,1313
30,1313.6
30,1314.2
30,1314.8
30,1315.4
30,1316
30,1316.6
30,1317.2
30,1317.8
30,1318.4
30,1319
30,1319.6
30,1320.2
29.99,1320.8
29.99,1321.4
29.99,1322
29.99,1322.7
29.99,1323.3
29.98,1323.9
29.98,1324.5
29.98,1325.1
29.98,1325.7
29.98,1326.3
29.99,1326.9
29.99,1327.5
29.99,1328.1
29.99,1328.7
29.99,1329.3
29.99,1329.9
30,1330.5
30,1331.1
30,1331.7
30,1332.3
30,1332.9
30,1333.5
29.99,1334.1
30,1334.7
29.99,1335.3
29.99,1336
29.99,1336.6
30,1337.2
30,1337.8
30,1338.4
30,1339
30,1339.6
29.99,1340.2
30,1340.8
29.99,1341.4
29.99,1342
29.99,1342.6
29.99,1343.2
29.99,1343.8
29.99,1344.4
29.98,1345
29.99,1345.6
29.98,1346.2
29.98,1346.8
29.98,1347.4
29.98,1348
29.98,1348.7
29.98,1349.2
29.99,1349.9
29.99,1350.5
29.99,1351.1
29.99,1351.7
29.99,1352.3
29.99,1352.9
30,1353.5
30,1354.1
30,1354.7
30,1355.3
30,1355.9
30,1356.5
30,1357.1
30,1357.7
30,1358.3
30,1358.9
30.01,1359.5
30.01,1360.1
30,1360.7
30,1361.3
30,1362
30,1362.5
30,1363.2
30,1363.8
30,1364.4
29.99,1365
29.99,1365.6
29.99,1366.2
29.99,1366.8
29.99,1367.4
29.99,1368
29.99,1368.6
29.98,1369.2
29.98,1369.8
29.98,1370.4
29.98,1371
29.98,1371.6
29.98,1372.2
29.98,1372.8
29.98,1373.4
29.98,1374
29.97,1374.7
29.98,1375.2
29.97,1375.8
29.97,1376.5
29.96,1377.1
29.95,1377.7
29.95,1378.3
29.95,1378.9
29.94,1379.5
29.93,1380.1
29.93,1380.7
29.92,1381.3
29.91,1381.9
29.91,1382.5
29.91,1383.1
29.9,1383.7
29.9,1384.3
29.9,1384.9
29.9,1385.5
29.91,1386.1
29.91,1386.7
29.91,1387.3
29.92,1388
29.92,1388.5
29.93,1389.2
29.93,1389.8
29.94,1390.4
29.94,1391
29.95,1391.6
29.96,1392.2
29.97,1392.8
29.97,1393.4
29.98,1394
29.98,1394.6
29.98,1395.2
29.99,1395.8
29.99,1396.4
30,1397
30,1397.6
30.01,1398.2
30.01,1398.8
30.02,1399.4
30.02,1400
30.02,1400.6
30.03,1401.2
30.03,1401.8
30.04,1402.5
30.04,1403.1
30.04,1403.7
30.05,1404.3
30.05,1404.9
30.05,1405.5
30.05,1406.1
30.06,1406.7
30.06,1407.3
30.06,1407.9
30.06,1408.5
30.06,1409.1
30.06,1409.7
30.06,1410.3
30.06,1410.9
30.06,1411.5
30.06,1412.1
30.06,1412.7
30.06,1413.3
30.07,1413.9
30.07,1414.5
30.06,1415.2
30.06,1415.8
30.07,1416.4
30.06,1417
30.06,1417.6
30.06,1418.2
30.07,1418.8
30.07,1419.4
30.07,1420
30.07,1420.6
30.07,1421.2
30.06,1421.8
30.07,1422.4
30.06,1423
30.06,1423.6
30.06,1424.2
30.06,1424.8
30.06,1425.4
30.06,1426
30.06,1426.6
30.06,1427.2
30.06,1427.8
30.06,1428.5
30.06,1429.1
30.07,1429.7
30.06,1430.3
30.07,1430.9
30.07,1431.5
30.07,1432.1
30.07,1432.7
30.07,1433.3
30.06,1433.9
30.07,1434.5
30.07,1435.1
30.06,1435.7
30.05,1436.3
30.05,1436.9
30.04,1437.5
30.03,1438.1
30.02,1438.7
30.01,1439.3
30,1439.9
29.99,1440.5
29.98,1441.2
29.97,1441.8
29.95,1442.4
29.94,1443
29.94,1443.6
29.92,1444.2
29.92,1444.8
29.91,1445.4
29.91,1446
29.9,1446.6
29.9,1447.2
29.9,1447.8
29.9,1448.4
29.9,1449
29.91,1449.6
29.91,1450.2
29.91,1450.8
29.92,1451.4
29.93,1452
29.93,1452.6
29.94,1453.2
29.95,1453.8
29.95,1454.5
29.96,1455
29.97,1455.7
29.97,1456.3
29.98,1456.9
29.98,1457.5
29.99,1458.1
29.99,1458.7
30,1459.3
30,1459.9
30,1460.5
30.01,1461.1
30.01,1461.7
30.01,1462.3
30.02,1462.9
30.02,1463.5
30.02,1464.1
30.03,1464.7
30.03,1465.3
30.03,1465.9
30.03,1466.5
30.03,1467.2
30.03,1467.8
30.02,1468.3
30.02,1469
30.01,1469.6
30,1470.2
29.99,1470.8
29.99,1471.4
29.98,1472
29.97,1472.6
29.97,1473.2
29.96,1473.8
29.96,1474.4
29.96,1475
29.96,1475.6
29.96,1476.2
29.96,1476.8
29.96,1477.4
29.97,1478
29.97,1478.6
29.97,1479.2
29.97,1479.8
29.97,1480.5
29.98,1481
29.97,1481.7
29.98,1482.3
29.97,1482.9
29.98,1483.5
29.98,1484.1
29.98,1484.7
29.98,1485.3
29.99,1485.9
29.99,1486.5
29.99,1487.1
30,1487.7
30.01,1488.3
30.01,1488.9
30.02,1489.5
30.02,1490.1
30.03,1490.7
30.03,1491.3
30.03,1491.9
30.03,1492.5
30.03,1493.1
30.02,1493.8
30.01,1494.3
30.01,1495
30,1495.6
29.99,1496.2
29.98,1496.8
29.98,1497.4
29.97,1498
29.96,1498.6
29.96,1499.2
29.96,1499.8
29.96,1500.4
29.96,1501
29.95,1501.6
29.96,1502.2
29.96,1502.8
29.96,1503.4
29.96,1504
29.96,1504.6
29.97,1505.2
29.97,1505.8
29.98,1506.4
29.98,1507
29.99,1507.7
29.99,1508.3
30,1508.9
30,1509.5
30.01,1510.1
30.01,1510.7
30.02,1511.3
30.02,1511.9
30.03,1512.5
30.03,1513.1
30.04,1513.7
30.04,1514.3
30.05,1514.9
30.05,1515.5
30.05,1516.1
30.06,1516.7
30.05,1517.3
30.06,1517.9
30.06,1518.5
30.06,1519.1
30.06,1519.8
30.06,1520.3
30.05,1521
30.04,1521.6
30.04,1522.2
30.03,1522.8
30.02,1523.4
30.02,1524
30.01,1524.6
30.01,1525.2
30.01,1525.8
30,1526.4
30,1527
30,1527.6
30,1528.2
29.99,1528.8
29.99,1529.4
29.99,1530
29.98,1530.6
29.97,1531.2
29.96,1531.8
29.96,1532.4
29.95,1533
29.95,1533.7
29.94,1534.3
29.94,1534.9
29.93,1535.5
29.93,1536.1
29.93,1536.7
29.92,1537.3
29.92,1537.9
29.92,1538.5
29.92,1539.1
29.92,1539.7
29.92,1540.3
29.92,1540.9
29.92,1541.5
29.92,1542.1
29.93,1542.7
29.94,1543.3
29.94,1543.9
29.94,1544.5
29.95,1545.1
29.94,1545.7
29.95,1546.3
29.95,1547
29.95,1547.6
29.96,1548.2
29.96,1548.8
29.96,1549.4
29.97,1550
29.97,1550.6
29.97,1551.2
29.97,1551.8
29.97,1552.4
29.98,1553
29.98,1553.6
29.98,1554.2
29.98,1554.8
29.98,1555.4
29.99,1556
29.99,1556.6
29.99,1557.2
29.99,1557.8
30,1558.4
30,1559
30,1559.7
30,1560.2
30,1560.9
30.01,1561.5
30.01,1562.1
30.01,1562.7
30.02,1563.3
30.02,1563.9
30.02,1564.5
30.02,1565.1
30.02,1565.7
30.02,1566.3
30.02,1566.9
30.02,1567.5
30.02,1568.1
30.02,1568.7
30.03,1569.3
30.03,1569.9
30.02,1570.5
30.03,1571.1
30.03,1571.7
30.02,1572.3
30.03,1573
30.03,1573.5
30.03,1574.2
30.03,1574.8
30.03,1575.4
30.02,1576
30.03,1576.6
30.03,1577.2
30.03,1577.8
30.03,1578.4
30.03,1579
30.03,1579.6
30.04,1580.2
30.04,1580.8
30.04,1581.4
30.04,1582
30.05,1582.6
30.05,1583.2
30.05,1583.8
30.05,1584.4
30.05,1585
30.05,1585.6
30.06,1586.2
30.05,1586.8
30.05,1587.5
30.05,1588.1
30.04,1588.7
30.05,1589.3
30.04,1589.9
30.04,1590.5
30.04,1591.1
30.04,1591.7
30.04,1592.3
30.04,1592.9
30.04,1593.5
30.04,1594.1
30.04,1594.7
30.05,1595.3
30.04,1595.9
30.04,1596.5
30.04,1597.1
30.03,1597.7
30.02,1598.3
30.01,1598.9
30,1599.5
29.99,1600.2
29.99,1600.8
29.98,1601.4
29.97,1602
29.96,1602.6
29.95,1603.2
29.94,1603.8
29.94,1604.4
29.93,1605
29.93,1605.6
29.93,1606.2
29.93,1606.8
29.94,1607.4
29.94,1608
29.94,1608.6
29.95,1609.2
29.95,1609.8
29.96,1610.4
29.96,1611
29.97,1611.6
29.98,1612.2
29.98,1612.8
29.99,1613.5
29.99,1614.1
30,1614.7
30,1615.3
30.01,1615.9
30.01,1616.5
30.02,1617.1
30.02,1617.7
30.03,1618.3
30.03,1618.9
30.03,1619.5
30.04,1620.1
30.04,1620.7
30.05,1621.3
30.05,1621.9
30.05,1622.5
30.05,1623.1
30.05,1623.7
30.05,1624.3
30.05,1624.9
30.05,1625.5
30.05,1626.2
30.04,1626.8
30.05,1627.4
30.04,1628
30.04,1628.6
30.04,1629.2
30.03,1629.8
30.03,1630.4
30.03,1631
30.03,1631.6
30.03,1632.2
30.02,1632.8
30.03,1633.4
30.02,1634
30.02,1634.6
30.02,1635.2
30.02,1635.8
30.01,1636.4
30.01,1637
30.01,1637.6
30.01,1638.2
30.01,1638.8
30,1639.5
30,1640.1
29.99,1640.7
29.99,1641.3
29.99,1641.9
29.99,1642.5
29.99,1643.1
29.99,1643.7
29.99,1644.3
29.99,1644.9
29.99,1645.5
29.98,1646.1
29.98,1646.7
29.97,1647.3
29.97,1647.9
29.96,1648.5
29.95,1649.1
29.95,1649.7
29.94,1650.3
29.93,1650.9
29.93,1651.5
29.93,1652.2
29.92,1652.8
29.92,1653.4
29.92,1654
29.92,1654.6
29.93,1655.2
29.93,1655.8
29.93,1656.4
29.93,1657
29.93,1657.6
29.94,1658.2
29.94,1658.8
29.95,1659.4
29.95,1660
29.96,1660.6
29.96,1661.2
29.97,1661.8
29.97,1662.4
29.98,1663
29.99,1663.6
29.99,1664.2
30,1664.8
30,1665.5
30.01,1666
30.01,1666.7
30.01,1667.3
30.02,1667.9
30.02,1668.5
30.03,1669.1
30.03,1669.7
30.03,1670.3
30.04,1670.9
30.04,1671.5
30.04,1672.1
30.04,1672.7
30.04,1673.3
30.04,1673.9
30.04,1674.5
30.04,1675.1
30.03,1675.7
30.03,1676.3
30.03,1676.9
30.03,1677.5
30.03,1678.2
30.03,1678.8
30.03,1679.3
30.03,1680
30.03,1680.6
30.02,1681.2
30.02,1681.8
30.02,1682.4
30.02,1683
30.02,1683.6
30.02,1684.2
30.02,1684.8
30.02,1685.4
30.03,1686
30.02,1686.6
30.02,1687.2
30.02,1687.8
30.02,1688.4
30.02,1689
30.01,1689.6
30.01,1690.2
30,1690.8
30,1691.5
29.99,1692
29.99,1692.7
29.99,1693.3
29.98,1693.9
29.98,1694.5
29.98,1695.1
29.98,1695.7
29.98,1696.3
29.99,1696.9
29.98,1697.5
29.99,1698.1
29.99,1698.7
30,1699.3
30,1699.9
30,1700.5
30,1701.1
30.01,1701.7
30.01,1702.3
30.01,1702.9
30.01,1703.5
30.01,1704.1
30.02,1704.8
30.02,1705.3
30.01,1706
30.02,1706.6
30.02,1707.2
30.01,1707.8
30.01,1708.4
30.01,1709
30.01,1709.6
30.01,1710.2
30.01,1710.8
30.01,1711.4
30.01,1712
30.01,1712.6
30,1713.2
30,1713.8
30,1714.4
30,1715
30,1715.6
30,1716.2
30,1716.8
30,1717.4
29.99,1718
29.99,1718.7
29.99,1719.3
29.99,1719.9
29.99,1720.5
29.99,1721.1
29.98,1721.7
29.98,1722.3
29.99,1722.9
29.99,1723.5
29.99,1724.1
29.99,1724.7
29.99,1725.3
29.99,1725.9
29.99,1726.5
29.99,1727.1
29.99,1727.7
29.99,1728.3
29.99,1728.9
30,1729.5
30,1730.1
30,1730.7
30,1731.3
30,1732
30.01,1732.6
30.01,1733.2
30.01,1733.8
30.01,1734.4
30.02,1735
30.01,1735.6
30.02,1736.2
30.01,1736.8
30.01,1737.4
30,1738
30,1738.6
29.99,1739.2
29.99,1739.8
29.99,1740.4
29.98,1741
29.98,1741.6
29.97,1742.2
29.97,1742.8
29.96,1743.4
29.96,1744
29.95,1744.7
29.94,1745.2
29.94,1745.9
29.93,1746.5
29.93,1747.1
29.93,1747.7
29.93,1748.3
29.93,1748.9
29.92,1749.5
29.92,1750.1
29.93,1750.7
29.93,1751.3
29.93,1751.9
29.93,1752.5
29.93,1753.1
29.93,1753.7
29.93,1754.3
29.94,1754.9
29.93,1755.5
29.93,1756.1
29.94,1756.7
29.93,1757.3
29.94,1758
29.93,1758.6
29.94,1759.2
29.93,1759.8
29.93,1760.4
29.93,1761
29.94,1761.6
29.93,1762.2
29.92,1762.8
29.91,1763.4
29.93,1764
29.94,1764.6
29.94,1765.2
29.93,1765.8
29.93,1766.4
29.93,1767
29.92,1767.6
29.95,1768.2
29.89,1768.8
29.97,1769.4
29.92,1770
29.95,1770.7
29.93,1771.2
29.95,1771.8
29.97,1772.5
29.96,1773.1
29.98,1773.7
29.98,1774.3
29.99,1774.9
29.98,1775.5
30,1776.1
29.99,1776.7
29.98,1777.3
29.99,1777.9
29.99,1778.5
29.99,1779.1
29.98,1779.7
29.98,1780.3
30.01,1780.9
29.99,1781.5
29.99,1782.1
29.99,1782.7
29.95,1783.3
29.99,1784
29.99,1784.5
29.99,1785.2
30.02,1785.8
30.02,1786.4
30.01,1787
30.04,1787.6
30.05,1788.2
30.05,1788.8
30.05,1789.4
30.06,1790
30.04,1790.6
30.08,1791.2
30.08,1791.8
30.12,1792.4
30.08,1793
30.1,1793.6
30.09,1794.2
30.07,1794.8
30.07,1795.4
30.08,1796
30.09,1796.6
30.07,1797.2
30.06,1797.8
30.04,1798.5
30.03,1799.1
30.02,1799.7
30.03,1800.3
29.97,1800.9
30.01,1801.5
30.01,1802.1
29.97,1802.7
29.97,1803.3
29.99,1803.9
29.98,1804.5
29.98,1805.1
29.97,1805.7
29.98,1806.3
29.98,1806.9
29.97,1807.5
29.99,1808.1
30,1808.7
30,1809.3
30.02,1809.9
29.96,1810.5
30,1811.2
30.02,1811.8
30.02,1812.4
30.02,1813
30.02,1813.6
30,1814.2
30.03,1814.8
30.02,1815.4
30.05,1816
30.05,1816.6
30.05,1817.2
30.06,1817.8
30.05,1818.4
30.05,1819
30.06,1819.6
30.07,1820.2
30.07,1820.8
30.07,1821.4
30.08,1822
30.08,1822.6
30.08,1823.2
30.08,1823.8
30.09,1824.5
30.09,1825.1
30.08,1825.7
30.09,1826.3
30.07,1826.9
30.07,1827.5
30.07,1828.1
30.07,1828.7
30.09,1829.3
30.09,1829.9
30.09,1830.5
30.08,1831.1
30.07,1831.7
30.1,1832.3
30.11,1832.9
30.09,1833.5
30.09,1834.1
30.1,1834.7
30.11,1835.3
30.11,1835.9
30.1,1836.5
30.11,1837.2
30.16,1837.8
30.12,1838.4
30.11,1839
30.11,1839.6
30.1,1840.2
30.09,1840.8
30.08,1841.4
30.12,1842
30.08,1842.6
30.07,1843.2
30.07,1843.8
30.08,1844.4
30.07,1845
30.06,1845.6
30.07,1846.2
30.06,1846.8
30.06,1847.4
30.05,1848
30.05,1848.6
30.04,1849.2
30.04,1849.8
30.04,1850.5
30.04,1851.1
30.04,1851.7
30.03,1852.3
30.03,1852.9
30.03,1853.5
30.03,1854.1
30.03,1854.7
30.03,1855.3
30.03,1855.9
30.03,1856.5
30.02,1857.1
30.03,1857.7
30.03,1858.3
30.03,1858.9
30.03,1859.5
30.03,1860.1
30.03,1860.7
30.04,1861.3
30.03,1861.9
30.04,1862.5
30.04,1863.2
30.05,1863.8
30.05,1864.4
30.05,1865
30.05,1865.6
30.06,1866.2
30.05,1866.8
30.06,1867.4
30.06,1868
30.06,1868.6
30.06,1869.2
30.06,1869.8
30.07,1870.4
30.06,1871
30.05,1871.6
30.06,1872.2
30.1,1872.8
30.07,1873.4
30.07,1874
30.05,1874.6
30.04,1875.2
30.1,1875.8
30.04,1876.5
30.05,1877
30.04,1877.7
30.07,1878.3
30.05,1878.9
30.04,1879.5
30.03,1880.1
30.06,1880.7
30.05,1881.3
30.01,1881.9
30.05,1882.5
30.03,1883.1
30.03,1883.7
30.04,1884.3
30.03,1884.9
30.02,1885.5
30.02,1886.1
30.02,1886.7
30.02,1887.3
30.01,1887.9
30.01,1888.5
30.01,1889.1
30.01,1889.8
30,1890.3
29.99,1891
29.97,1891.6
29.99,1892.2
29.98,1892.8
29.99,1893.4
29.99,1894
29.97,1894.6
29.99,1895.2
30.02,1895.8
30.01,1896.4
30.02,1897
30.01,1897.6
30.02,1898.2
30.02,1898.8
30.02,1899.4
30.04,1900
30.03,1900.6
30.03,1901.2
30.03,1901.8
30.02,1902.4
30.03,1903
30.03,1903.7
30.03,1904.3
30.03,1904.9
30.04,1905.5
30.04,1906.1
30.04,1906.7
30.04,1907.3
30.05,1907.9
30.02,1908.5
30.03,1909.1
30.04,1909.7
30.03,1910.3
30.02,1910.9
30.02,1911.5
30.03,1912.1
30.05,1912.7
30.02,1913.3
30.03,1913.9
30.04,1914.5
30.02,1915.1
30.02,1915.8
30.04,1916.3
30,1917
30.02,1917.6
30,1918.2
30.04,1918.8
30,1919.4
30.01,1920
30.01,1920.6
30,1921.2
30,1921.8
30.02,1922.4
30.01,1923
30.01,1923.6
30.01,1924.2
30.01,1924.8
30.01,1925.4
30.02,1926
30.05,1926.6
30.02,1927.2
30.02,1927.8
30.04,1928.4
30.02,1929
30.04,1929.7
30.03,1930.3
30.04,1930.9
30.04,1931.5
30.05,1932.1
30.04,1932.7
30.05,1933.3
30.05,1933.9
30.04,1934.5
30.04,1935.1
30.03,1935.7
30.03,1936.3
30.04,1936.9
30.04,1937.5
30.03,1938.1
30.03,1938.7
30.03,1939.3
30.03,1939.9
30.03,1940.5
30.02,1941.1
30.02,1941.7
30.02,1942.3
30.01,1943
30.01,1943.6
30.01,1944.2
30.01,1944.8
30.01,1945.4
30.01,1946
29.99,1946.6
30,1947.2
29.99,1947.8
29.98,1948.4
29.98,1949
29.98,1949.6
30,1950.2
29.99,1950.8
29.98,1951.4
29.96,1952
29.95,1952.6
29.99,1953.2
29.99,1953.8
29.99,1954.4
29.96,1955
29.99,1955.7
30,1956.2
30,1956.9
30,1957.5
29.95,1958.1
29.99,1958.7
30.02,1959.3
30.03,1959.9
30.02,1960.5
30.01,1961.1
30.03,1961.7
30.03,1962.3
30.03,1962.9
30.03,1963.5
30.03,1964.1
30.04,1964.7
30.03,1965.3
30.03,1965.9
30.03,1966.5
30.03,1967.1
30.02,1967.7
30.03,1968.3
30.02,1969
30.02,1969.5
30.02,1970.2
30.02,1970.8
30.01,1971.4
30.01,1972
30.01,1972.6
30,1973.2
30.03,1973.8
30,1974.4
29.98,1975
30,1975.6
29.99,1976.2
29.98,1976.8
29.97,1977.4
29.97,1978
29.97,1978.6
29.97,1979.2
29.96,1979.8
29.96,1980.4
29.95,1981
29.95,1981.7
29.96,1982.2
29.96,1982.8
29.95,1983.5
29.96,1984.1
29.96,1984.7
29.97,1985.3
29.95,1985.9
29.99,1986.5
30.01,1987.1
30.02,1987.7
29.99,1988.3
29.96,1988.9
29.99,1989.5
29.99,1990.1
30,1990.7
30,1991.3
30,1991.9
30,1992.5
30.01,1993.1
30.01,1993.7
30.01,1994.3
30.01,1995
30.02,1995.5
30.01,1996.2
30.02,1996.8
30.03,1997.4
30.03,1998
30.03,1998.6
30.03,1999.2
30.04,1999.8
30.04,2000.4
30.04,2001
30.04,2001.6
30.04,2002.2
30.04,2002.8
30.04,2003.4
30.06,2004
30.05,2004.6
30.05,2005.2
30.03,2005.8
30.03,2006.4
30.03,2007
30.03,2007.6
30.03,2008.2
30.03,2008.8
30.02,2009.5
30.02,2010.1
30.02,2010.7
30.03,2011.3
30.02,2011.9
30.01,2012.5
30.02,2013.1
30.01,2013.7
30.03,2014.3
30.01,2014.9
30.01,2015.5
30.01,2016.1
30.01,2016.7
30,2017.3
29.99,2017.9
29.99,2018.5
30.01,2019.1
30,2019.7
30,2020.3
29.99,2020.9
29.98,2021.5
29.98,2022.2
29.98,2022.8
29.99,2023.4
29.97,2024
29.97,2024.6
29.97,2025.2
29.97,2025.8
29.97,2026.4
29.97,2027
29.96,2027.6
29.97,2028.2
29.97,2028.8
29.97,2029.4
29.98,2030
29.99,2030.6
29.96,2031.2
29.98,2031.8
29.98,2032.4
29.99,2033
29.98,2033.6
29.97,2034.2
29.98,2034.8
29.99,2035.5
30.01,2036.1
30,2036.7
30,2037.3
30,2037.9
30.01,2038.5
30.01,2039.1
30,2039.7
30.01,2040.3
30.01,2040.9
30.01,2041.5
30.01,2042.1
30.02,2042.7
30.02,2043.3
30.02,2043.9
30.02,2044.5
30.02,2045.1
30.01,2045.7
30.02,2046.3
30.01,2046.9
30,2047.5
30.01,2048.2
30,2048.8
30,2049.4
30,2050
29.99,2050.6
29.98,2051.2
29.97,2051.8
29.98,2052.4
30.01,2053
29.99,2053.6
29.97,2054.2
29.99,2054.8
29.96,2055.4
29.97,2056
29.98,2056.6
29.98,2057.2
29.97,2057.8
29.98,2058.4
29.98,2059
29.98,2059.6
29.98,2060.2
29.98,2060.8
29.98,2061.4
29.98,2062.1
29.98,2062.7
29.99,2063.3
29.99,2063.9
29.99,2064.5
30,2065.1
30,2065.7
30,2066.3
30,2066.9
30.01,2067.5
30.01,2068.1
30.01,2068.7
30.01,2069.3
30.03,2069.9
30.04,2070.5
30.03,2071.1
30.04,2071.7
30.03,2072.3
30.03,2072.9
30.04,2073.5
30.02,2074.2
30.03,2074.8
30.03,2075.4
30.02,2076
30.01,2076.6
30.01,2077.2
30,2077.8
29.99,2078.4
29.99,2079
30,2079.6
29.98,2080.2
29.99,2080.8
29.98,2081.4
29.98,2082
29.98,2082.6
29.98,2083.2
29.97,2083.8
29.97,2084.4
29.97,2085
29.97,2085.6
29.97,2086.2
29.97,2086.8
29.97,2087.4
29.97,2088.1
29.97,2088.7
29.97,2089.3
29.97,2089.9
29.97,2090.5
29.97,2091.1
29.97,2091.7
29.97,2092.3
29.97,2092.9
29.98,2093.5
29.98,2094.1
29.98,2094.7
29.99,2095.3
29.99,2095.9
30,2096.5
30.01,2097.1
30.01,2097.7
30.01,2098.3
30.02,2098.9
30.02,2099.5
30.03,2100.1
30.03,2100.8
30.04,2101.3
30.03,2102
30.04,2102.6
30.04,2103.2
30.04,2103.8
30.04,2104.4
30.03,2105
30.03,2105.6
30.03,2106.2
30.03,2106.8
30.03,2107.4
30.03,2108
30.02,2108.6
30.02,2109.2
30.02,2109.8
30.02,2110.4
30.02,2111
30.01,2111.6
30.01,2112.2
30.01,2112.8
30.01,2113.4
30.01,2114.1
30.01,2114.7
30,2115.3
30,2115.9
30,2116.5
30,2117.1
30,2117.7
29.99,2118.3
29.99,2118.9
29.98,2119.5
29.98,2120.1
29.98,2120.7
29.97,2121.3
29.96,2121.9
29.96,2122.5
29.96,2123.1
29.95,2123.7
29.95,2124.3
29.94,2124.9
29.94,2125.5
29.94,2126.1
29.94,2126.7
29.94,2127.3
29.95,2127.9
29.95,2128.6
29.95,2129.2
29.96,2129.8
29.96,2130.4
29.97,2131
29.97,2131.6
29.97,2132.2
29.97,2132.8
29.97,2133.4
29.98,2134
29.98,2134.6
29.98,2135.2
29.99,2135.8
29.99,2136.4
29.99,2137
29.98,2137.6
29.99,2138.2
30,2138.8
29.99,2139.4
29.99,2140.1
30,2140.7
29.98,2141.2
29.98,2141.9
30,2142.5
29.99,2143.1
30.01,2143.7
30.02,2144.3
30.02,2144.9
30.01,2145.5
30.01,2146.1
30.01,2146.7
29.95,2147.3
30,2147.9
29.99,2148.5
30.02,2149.1
30.01,2149.7
29.99,2150.3
30.01,2150.9
30.07,2151.5
30.06,2152.1
30.07,2152.7
30.04,2153.3
30.07,2153.9
30.06,2154.6
30.05,2155.2
30.04,2155.8
30.06,2156.4
30.08,2157
30.06,2157.6
30.06,2158.2
30.07,2158.8
30.05,2159.4
30.06,2160
30.06,2160.6
30.07,2161.2
30.07,2161.8
30.06,2162.4
30.05,2163
30.06,2163.6
30.05,2164.2
30.05,2164.8
30.06,2165.4
30.02,2166
30.04,2166.7
30.05,2167.2
30.04,2167.9
30.04,2168.5
30.03,2169.1
30.03,2169.7
30.03,2170.3
30.04,2170.9
30.02,2171.5
30.04,2172.1
30.02,2172.7
30.07,2173.3
30.08,2173.9
30,2174.5
30.03,2175.1
30.02,2175.7
30.02,2176.3
30.03,2176.9
30.07,2177.5
30,2178.1
30.02,2178.7
29.99,2179.3
30.01,2179.9
30.01,2180.6
30,2181.2
30,2181.8
30,2182.4
30,2183
30,2183.6
30.01,2184.2
29.99,2184.8
29.99,2185.4
29.99,2186
29.99,2186.6
29.95,2187.2
29.99,2187.8
29.97,2188.4
29.99,2189
30,2189.6
30.01,2190.2
29.99,2190.8
29.98,2191.4
29.99,2192
30,2192.6
29.99,2193.2
29.98,2193.8
30,2194.5
29.99,2195.1
29.99,2195.7
29.99,2196.3
29.99,2196.9
30,2197.5
30,2198.1
30,2198.7
30,2199.3
30,2199.9
30.01,2200.5
30,2201.1
30,2201.7
30.01,2202.3
30.01,2202.9
30,2203.5
30.02,2204.1
30.01,2204.7
30.02,2205.3
30,2205.9
30.03,2206.6
30.02,2207.2
30.03,2207.8
30.01,2208.4
30.06,2209
29.98,2209.6
30.03,2210.2
30.02,2210.8
30.01,2211.4
30.02,2212
30.02,2212.6
30,2213.2
30.02,2213.8
30.03,2214.4
30.03,2215
30.01,2215.6
30.01,2216.2
30,2216.8
30,2217.4
30,2218
30,2218.6
29.99,2219.2
29.99,2219.8
30,2220.4
29.99,2221.1
30,2221.7
29.99,2222.3
30,2222.9
29.99,2223.5
29.97,2224.1
29.99,2224.7
29.98,2225.3
29.98,2225.9
29.99,2226.5
29.97,2227.1
29.97,2227.7
29.98,2228.3
29.99,2228.9
29.98,2229.5
29.97,2230.1
29.97,2230.7
29.98,2231.3
29.96,2231.9
29.98,2232.6
29.99,2233.2
29.97,2233.8
29.98,2234.4
29.96,2235
30.02,2235.6
29.98,2236.2
29.97,2236.8
29.97,2237.4
29.96,2238
30.04,2238.6
29.99,2239.2
29.99,2239.8
29.99,2240.4
29.99,2241
29.98,2241.6
29.98,2242.2
29.99,2242.8
29.99,2243.4
29.99,2244
30,2244.6
30,2245.2
30,2245.8
30.01,2246.4
30.01,2247.1
30.01,2247.7
30.01,2248.3
30.01,2248.9
30.01,2249.5
30.02,2250.1
30.02,2250.7
30.02,2251.3
30.02,2251.9
30.03,2252.5
30.02,2253.1
30.02,2253.7
30.02,2254.3
30.03,2254.9
30.03,2255.5
30.03,2256.1
30.03,2256.7
30.03,2257.3
30.03,2257.9
30.02,2258.5
30.02,2259.2
30.02,2259.8
30.02,2260.4
30.02,2261
30.02,2261.6
30.02,2262.2
30.01,2262.8
30.02,2263.4
30.02,2264
30.02,2264.6
30.02,2265.2
30.01,2265.8
30.01,2266.4
30.01,2267
30.01,2267.6
30,2268.2
30.01,2268.8
30,2269.4
30.01,2270
30,2270.6
30,2271.2
30,2271.8
29.99,2272.4
30,2273.1
30,2273.7
29.99,2274.3
30,2274.9
30,2275.5
30.01,2276.1
30,2276.7
30,2277.3
30.01,2277.9
30.01,2278.5
30.01,2279.1
30.01,2279.7
30.01,2280.3
30.01,2280.9
30.01,2281.5
30.01,2282.1
30.01,2282.7
30,2283.3
30.02,2283.9
30,2284.5
30.01,2285.1
30,2285.8
30,2286.3
30,2287
30,2287.6
30,2288.2
29.99,2288.8
29.98,2289.4
29.99,2290
29.99,2290.6
30.02,2291.2
29.97,2291.8
29.97,2292.4
29.98,2293
30.02,2293.6
29.96,2294.2
29.97,2294.8
29.98,2295.4
29.98,2296
29.98,2296.6
29.96,2297.2
29.97,2297.8
29.97,2298.4
29.97,2299.1
29.95,2299.7
29.95,2300.3
29.97,2300.9
29.98,2301.5
29.98,2302.1
29.97,2302.7
29.97,2303.3
30,2303.9
30,2304.5
29.98,2305.1
30,2305.7
29.98,2306.3
30,2306.9
29.99,2307.5
29.99,2308.1
30,2308.7
30,2309.3
30.01,2309.9
29.99,2310.5
30,2311.1
30,2311.8
30,2312.3
30,2312.9
30,2313.6
30,2314.2
30,2314.8
30,2315.4
30,2316
30,2316.6
30,2317.2
30.01,2317.8
30,2318.4
30.01,2319
30,2319.6
30,2320.2
30,2320.8
29.99,2321.4
29.99,2322
30,2322.6
29.99,2323.2
29.98,2323.8
29.98,2324.4
29.97,2325.1
29.97,2325.7
29.97,2326.2
29.97,2326.9
29.97,2327.5
29.97,2328.1
29.97,2328.7
29.97,2329.3
29.96,2329.9
29.96,2330.5
29.96,2331.1
29.93,2331.7
29.96,2332.3
29.98,2332.9
29.96,2333.5
29.97,2334.1
29.95,2334.7
29.95,2335.3
29.98,2335.9
29.94,2336.5
30,2337.1
30,2337.7
30.02,2338.3
30,2338.9
29.98,2339.6
30,2340.2
30.02,2340.8
30.04,2341.4
30.03,2342
30.03,2342.6
30.04,2343.2
30.03,2343.8
30.05,2344.4
30.05,2345
30.05,2345.6
30.05,2346.2
30.05,2346.8
30.05,2347.4
30.02,2348
30.03,2348.6
30,2349.2
29.95,2349.8
29.91,2350.4
29.86,2351
29.8,2351.7
29.74,2352.2
29.68,2352.9
29.62,2353.5
29.56,2354.1
29.49,2354.7
29.43,2355.3
29.36,2355.9
29.3,2356.5
29.23,2357.1
29.18,2357.7
29.12,2358.3
29.06,2358.9
29.01,2359.5
28.97,2360.1
28.92,2360.7
28.87,2361.3
28.83,2361.9
28.79,2362.5
28.75,2363.1
28.73,2363.7
28.71,2364.3
28.69,2364.9
28.66,2365.6
28.65,2366.2
28.63,2366.8
28.62,2367.4
28.6,2368
28.59,2368.6
28.59,2369.2
28.58,2369.8
28.58,2370.4
28.58,2371
28.58,2371.6
28.58,2372.2
28.58,2372.8
28.6,2373.4
28.59,2374
28.6,2374.6
28.6,2375.2
28.62,2375.8
28.62,2376.4
28.64,2377
28.64,2377.6
28.65,2378.2
28.65,2378.8
28.66,2379.5
28.67,2380.1
28.67,2380.7
28.68,2381.3
28.68,2381.9
28.69,2383.5
28.69,2384.1
28.7,2384.7
28.71,2385.3
28.71,2385.9
28.72,2386.5
28.72,2387.1
28.72,2387.7
28.73,2388.3
28.73,2388.9
28.73,2389.5
28.74,2390.1
28.74,2390.7
28.74,2391.3
28.74,2391.9
28.74,2392.5
28.75,2393.2
28.75,2393.8
28.75,2394.3
28.75,2395
28.75,2395.6
28.76,2396.2
28.76,2396.8
28.76,2397.4
28.76,2398
28.76,2398.6
28.76,2399.2
28.77,2399.8
28.77,2400.4
28.78,2401
28.78,2401.6
28.78,2402.2
28.79,2402.8
28.79,2403.4
28.79,2404
28.8,2404.6
28.8,2405.2
28.8,2405.8
28.78,2406.4
28.77,2407
28.75,2407.6
28.72,2408.2
28.68,2408.8
28.64,2409.5
28.6,2410.1
28.55,2410.7
28.51,2411.3
28.46,2411.9
28.41,2412.5
28.36,2413.1
28.31,2413.7
28.26,2414.3
28.21,2414.9
28.16,2415.5
28.11,2416.1
28.06,2416.7
28.01,2417.3
27.96,2417.9
27.92,2418.5
27.89,2419.1
27.88,2419.7
